miRNA_ID	p1normal_read_count	p2normal_read_count	p3normal_read_count	p4normal_read_count	p1tumor_read_count	p2tumor_read_count	p3tumor_read_count	p4tumor_read_count
hsa-let-7a-1	7457	14978	14831	18885	11763	13252	14506	6055
hsa-let-7a-2	7351	14904	15109	19142	11992	13129	14299	5945
hsa-let-7a-3	7449	14974	15113	18995	11822	13104	14183	6018
hsa-let-7b	76243	76166	108274	85008	15937	27853	31896	9392
hsa-let-7c	2766	2292	1684	2533	1488	2432	3130	141
hsa-let-7d	5277	4036	5182	9033	810	833	1061	532
hsa-let-7e	633	1082	749	1450	669	1226	934	283
hsa-let-7f-1	109	250	226	458	6781	6222	6295	3320
hsa-let-7f-2	96	234	257	490	6970	6350	6277	3232
hsa-let-7g	73	136	245	430	1001	913	932	531
hsa-let-7i	233	317	485	468	631	909	1046	245
hsa-mir-1-1	2	0	0	1	108	223	220	14
hsa-mir-1-2	0	0	0	1	126	258	232	9
hsa-mir-100	904	1402	1819	1748	3434	7884	8067	1068
hsa-mir-101-1	94	57	91	41	5144	10575	11920	3208
hsa-mir-101-2	90	68	78	41	5141	10329	11782	3249
hsa-mir-103a-1	2146	3082	5794	2419	12324	8432	11866	6390
hsa-mir-103a-2	2086	3100	5859	2423	12378	8593	11834	6457
hsa-mir-103b-1	0	0	0	0	0	0	0	0
hsa-mir-103b-2	0	0	0	0	0	0	0	0
hsa-mir-105-1	5	3	5	4	0	3	0	2
hsa-mir-105-2	1	5	4	3	0	4	0	1
hsa-mir-106a	5	1	5	2	162	67	64	101
hsa-mir-106b	596	650	541	590	928	609	837	481
hsa-mir-107	22	30	36	21	87	107	116	69
hsa-mir-10a	3790	5124	17938	9400	76472	170648	93308	56435
hsa-mir-10b	4447	4219	10967	5327	52719	81285	195191	39944
hsa-mir-1178	0	0	0	0	0	0	0	0
hsa-mir-1179	0	0	0	0	0	0	0	0
hsa-mir-1180	123	113	91	136	9	11	9	4
hsa-mir-1181	0	0	1	2	0	1	0	1
hsa-mir-1182	0	0	0	0	0	0	0	0
hsa-mir-1183	0	0	0	0	0	0	0	0
hsa-mir-1184-1	0	0	0	0	0	0	0	0
hsa-mir-1184-2	0	0	0	0	0	0	0	0
hsa-mir-1184-3	0	0	0	0	0	0	0	0
hsa-mir-1185-1	0	0	0	0	1	0	1	1
hsa-mir-1185-2	0	0	0	0	1	0	0	0
hsa-mir-1193	1	0	0	0	0	0	0	0
hsa-mir-1197	0	0	0	1	0	1	0	0
hsa-mir-1199	0	0	0	0	0	0	0	0
hsa-mir-1200	0	0	0	0	0	0	0	0
hsa-mir-1202	0	0	0	0	0	0	0	0
hsa-mir-1203	0	0	0	0	0	0	0	0
hsa-mir-1204	0	0	0	0	0	0	0	0
hsa-mir-1205	0	0	0	0	0	0	0	0
hsa-mir-1206	0	0	0	0	0	0	0	0
hsa-mir-1207	0	0	0	0	0	0	0	0
hsa-mir-1208	0	0	0	0	0	0	0	0
hsa-mir-122	0	0	1	0	0	0	0	0
hsa-mir-1224	16	87	17	33	0	0	0	0
hsa-mir-1225	0	0	2	0	0	0	0	0
hsa-mir-1226	11	8	8	24	1	1	1	0
hsa-mir-1227	1	1	2	7	0	0	0	0
hsa-mir-1228	4	2	9	7	0	1	1	0
hsa-mir-1229	5	1	4	2	2	0	0	0
hsa-mir-1231	0	0	0	0	0	0	0	0
hsa-mir-1233-1	0	0	0	0	0	0	0	0
hsa-mir-1233-2	0	0	0	0	0	0	0	0
hsa-mir-1234	0	0	0	1	0	0	0	0
hsa-mir-1236	0	0	0	1	0	0	0	0
hsa-mir-1237	0	0	0	1	0	0	1	0
hsa-mir-1238	0	0	0	0	0	0	0	0
hsa-mir-124-1	0	0	0	0	0	0	0	0
hsa-mir-124-2	0	0	0	0	0	1	0	0
hsa-mir-124-3	0	0	0	0	0	0	0	0
hsa-mir-1243	0	0	0	0	0	0	0	0
hsa-mir-1244-1	0	0	0	0	0	0	0	0
hsa-mir-1244-2	0	0	0	0	0	0	0	0
hsa-mir-1244-3	0	0	0	0	0	0	0	0
hsa-mir-1244-4	0	0	0	0	0	0	0	0
hsa-mir-1245a	0	0	0	0	6	5	8	1
hsa-mir-1245b	0	0	0	0	0	1	0	0
hsa-mir-1246	0	0	0	0	0	1	0	0
hsa-mir-1247	122	78	210	159	150	937	98	420
hsa-mir-1248	3	9	11	12	33	9	2	2
hsa-mir-1249	9	7	9	20	2	1	3	2
hsa-mir-1250	0	0	0	1	0	0	0	0
hsa-mir-1251	0	0	0	0	0	0	0	0
hsa-mir-1252	0	0	0	0	0	0	0	0
hsa-mir-1253	0	0	0	0	0	0	0	0
hsa-mir-1254-1	2	2	1	1	0	0	1	0
hsa-mir-1254-2	2	2	1	2	2	1	0	0
hsa-mir-1255a	0	0	0	0	0	0	2	0
hsa-mir-1255b-1	0	0	0	0	0	0	0	0
hsa-mir-1255b-2	0	0	0	0	0	0	0	0
hsa-mir-1256	0	0	0	0	0	1	0	0
hsa-mir-1257	0	0	0	0	0	0	0	1
hsa-mir-1258	0	2	0	0	1	4	2	0
hsa-mir-125a	4403	3934	3739	4120	493	1285	875	246
hsa-mir-125b-1	737	650	555	1067	245	651	484	57
hsa-mir-125b-2	755	634	557	1103	234	625	497	39
hsa-mir-126	94	56	179	256	5913	7970	8519	2513
hsa-mir-1260a	0	0	0	0	0	0	0	0
hsa-mir-1260b	2	1	0	1	0	0	0	0
hsa-mir-1261	0	0	0	0	0	0	0	0
hsa-mir-1262	1	1	1	2	1	1	3	2
hsa-mir-1263	0	0	0	0	0	0	0	0
hsa-mir-1264	0	0	0	0	0	0	0	0
hsa-mir-1265	1	0	1	0	0	0	0	0
hsa-mir-1266	40	30	48	41	11	13	15	12
hsa-mir-1267	0	0	0	0	0	0	0	0
hsa-mir-1268a	0	0	0	0	0	0	0	0
hsa-mir-1268b	0	0	0	0	0	0	0	0
hsa-mir-1269a	7	0	130	3	316	1	2	0
hsa-mir-1269b	6	0	10	6	173	19	0	4
hsa-mir-127	1591	1527	2071	2021	1493	3104	1792	626
hsa-mir-1270	2	0	2	2	0	0	1	1
hsa-mir-1271	7	6	10	3	4	17	14	2
hsa-mir-1272	0	0	0	0	0	0	0	0
hsa-mir-1273a	0	0	0	0	0	0	0	0
hsa-mir-1273c	0	0	0	0	0	0	0	0
hsa-mir-1273d	0	0	0	0	0	0	0	0
hsa-mir-1273e	0	0	0	0	0	0	0	0
hsa-mir-1273f	0	0	0	0	0	0	0	0
hsa-mir-1273g	0	0	0	0	0	0	0	0
hsa-mir-1273h	0	0	0	0	0	0	0	0
hsa-mir-1275	1	2	3	3	0	2	1	2
hsa-mir-1276	0	0	0	0	1	0	0	0
hsa-mir-1277	0	0	0	0	7	3	4	2
hsa-mir-1278	0	0	0	0	0	0	1	0
hsa-mir-1279	0	0	0	0	0	0	0	0
hsa-mir-128-1	52	61	56	58	125	97	136	75
hsa-mir-128-2	21	30	48	20	71	66	87	26
hsa-mir-1281	0	0	0	0	0	0	0	0
hsa-mir-1282	0	0	0	0	0	0	0	0
hsa-mir-1283-1	0	0	0	0	0	0	0	0
hsa-mir-1283-2	0	0	0	0	0	0	0	0
hsa-mir-1284	0	0	0	0	0	0	0	0
hsa-mir-1285-1	0	0	0	0	0	0	0	0
hsa-mir-1285-2	0	0	0	0	0	0	0	0
hsa-mir-1286	0	0	0	0	0	0	0	0
hsa-mir-1287	31	25	44	39	42	61	45	14
hsa-mir-1288	0	0	1	1	0	1	0	0
hsa-mir-1289-1	0	0	0	0	0	0	0	0
hsa-mir-1289-2	0	0	0	0	0	0	0	0
hsa-mir-129-1	48	49	26	86	2	11	3	3
hsa-mir-129-2	55	48	21	84	1	16	3	0
hsa-mir-1290	0	0	0	0	0	0	0	0
hsa-mir-1291	2	0	2	5	0	0	0	0
hsa-mir-1292	1	1	1	2	1	0	0	0
hsa-mir-1293	0	0	1	0	0	0	1	0
hsa-mir-1294	0	0	0	0	0	1	0	0
hsa-mir-1295a	1	1	3	28	0	0	0	0
hsa-mir-1295b	0	0	0	0	0	0	0	0
hsa-mir-1296	22	13	45	117	0	5	5	1
hsa-mir-1297	0	0	0	0	0	0	0	0
hsa-mir-1298	0	0	0	0	0	0	0	0
hsa-mir-1299	0	0	0	0	0	0	0	0
hsa-mir-1301	8	9	19	19	10	7	13	1
hsa-mir-1302-1	0	0	0	0	0	0	0	0
hsa-mir-1302-10	0	0	0	0	0	0	0	0
hsa-mir-1302-11	0	0	0	0	0	0	0	0
hsa-mir-1302-2	0	0	0	0	0	0	0	0
hsa-mir-1302-3	0	0	0	0	0	0	0	0
hsa-mir-1302-4	0	0	0	0	0	0	0	0
hsa-mir-1302-5	0	0	0	0	0	0	0	0
hsa-mir-1302-6	0	0	0	0	0	0	0	0
hsa-mir-1302-7	0	0	0	0	0	0	0	0
hsa-mir-1302-8	0	0	0	0	0	0	0	0
hsa-mir-1302-9	0	0	0	0	0	0	0	0
hsa-mir-1303	0	0	0	0	0	0	0	0
hsa-mir-1304	0	0	0	20	0	0	0	14
hsa-mir-1305	0	0	0	0	0	0	1	0
hsa-mir-1306	102	69	62	150	10	8	9	1
hsa-mir-1307	5684	8308	8485	4423	1175	2080	1474	1500
hsa-mir-130a	9	4	19	18	65	101	131	23
hsa-mir-130b	32	34	71	39	60	55	70	33
hsa-mir-132	183	377	466	181	110	312	185	71
hsa-mir-1321	0	0	0	0	0	0	0	0
hsa-mir-1322	0	0	0	0	0	0	0	0
hsa-mir-1323	0	0	0	0	0	0	0	0
hsa-mir-1324	0	0	0	0	0	0	0	0
hsa-mir-133a-1	169	94	54	389	20	129	48	3
hsa-mir-133a-2	165	100	60	348	33	94	45	4
hsa-mir-133b	9	9	2	74	6	42	15	0
hsa-mir-134	219	186	217	172	570	1191	621	327
hsa-mir-1343	2	2	6	12	0	0	0	0
hsa-mir-135a-1	1	1	1	0	0	1	1	0
hsa-mir-135a-2	0	0	0	0	0	0	0	0
hsa-mir-135b	0	0	0	1	43	84	226	68
hsa-mir-136	3	0	1	1	130	168	146	41
hsa-mir-137	0	1	0	1	1	3	1	0
hsa-mir-138-1	1	2	2	0	0	0	0	0
hsa-mir-138-2	0	0	0	1	0	0	1	1
hsa-mir-139	1004	615	671	1855	111	278	85	23
hsa-mir-140	1934	1601	2352	2148	918	1385	1518	384
hsa-mir-141	34	42	90	68	2311	1967	2249	1783
hsa-mir-142	25	21	35	11	4367	8439	7805	3648
hsa-mir-143	9891	9383	9090	42059	281667	804111	604739	79664
hsa-mir-144	4	3	0	2	222	263	171	60
hsa-mir-145	37149	17473	17717	79748	6326	19517	15923	1081
hsa-mir-1468	19	18	33	25	4	12	15	1
hsa-mir-1469	0	0	0	0	0	0	0	0
hsa-mir-146a	15	39	86	25	88	159	220	163
hsa-mir-146b	298	485	989	422	963	1277	1750	430
hsa-mir-1470	0	0	0	0	0	0	0	0
hsa-mir-1471	0	0	0	0	0	0	0	0
hsa-mir-147a	0	0	0	0	0	0	0	0
hsa-mir-147b	0	2	0	3	1	2	2	1
hsa-mir-148a	3581	3962	8228	2304	212179	117897	74365	104525
hsa-mir-148b	98	99	172	225	190	285	232	109
hsa-mir-149	143	88	97	564	38	36	18	10
hsa-mir-150	2408	4616	4677	3490	232	1203	675	425
hsa-mir-151a	407	475	893	763	3600	3971	3516	2008
hsa-mir-151b	0	1	6	3	3	6	0	1
hsa-mir-152	10	7	21	22	322	747	620	170
hsa-mir-153-1	0	0	0	0	2	1	2	2
hsa-mir-153-2	0	0	0	0	72	167	41	71
hsa-mir-1537	0	0	0	0	1	0	0	0
hsa-mir-1538	3	0	2	8	0	0	0	0
hsa-mir-1539	0	1	0	0	0	0	0	0
hsa-mir-154	3	3	16	4	21	17	27	6
hsa-mir-155	83	134	205	84	219	384	434	234
hsa-mir-1587	0	0	0	0	0	0	0	0
hsa-mir-15a	4	10	20	4	341	118	213	189
hsa-mir-15b	497	833	1762	1108	228	193	162	129
hsa-mir-16-1	8	7	25	26	674	523	590	489
hsa-mir-16-2	5	11	21	24	697	531	555	495
hsa-mir-17	77	158	267	72	4716	1102	1822	2149
hsa-mir-181a-1	2816	3362	5246	1884	590	1095	1107	393
hsa-mir-181a-2	3535	4116	6295	2569	1263	1922	2844	1049
hsa-mir-181b-1	146	213	312	72	145	244	236	93
hsa-mir-181b-2	124	204	328	82	98	192	250	83
hsa-mir-181c	56	47	96	59	166	134	248	101
hsa-mir-181d	3	4	6	6	40	25	66	29
hsa-mir-182	408	501	949	299	19471	18960	21474	22093
hsa-mir-1825	0	0	0	0	0	0	0	0
hsa-mir-1827	0	0	0	0	0	0	0	0
hsa-mir-183	673	884	1651	1108	10787	5161	9642	9204
hsa-mir-184	0	3	1	0	1	0	0	1
hsa-mir-185	15	11	11	42	55	73	97	36
hsa-mir-186	51	58	172	95	365	494	650	295
hsa-mir-187	33	1	1	177	10	30	7	0
hsa-mir-188	1	1	0	0	9	5	8	5
hsa-mir-18a	1	3	11	13	70	15	59	44
hsa-mir-18b	1	0	0	1	1	2	1	2
hsa-mir-1908	0	0	1	0	0	0	0	0
hsa-mir-1909	0	0	0	0	0	0	0	0
hsa-mir-190a	0	1	1	0	7	14	1	2
hsa-mir-190b	0	0	0	0	0	0	0	0
hsa-mir-191	635	899	2844	1011	1420	898	814	596
hsa-mir-1910	0	0	0	0	0	0	0	0
hsa-mir-1911	0	0	0	0	0	0	0	0
hsa-mir-1912	0	0	0	0	0	0	0	0
hsa-mir-1913	0	0	0	0	0	0	0	0
hsa-mir-1914	1	0	0	2	0	0	0	0
hsa-mir-1915	0	0	0	0	0	0	0	0
hsa-mir-192	3875	5295	17857	11352	47124	108526	83398	117241
hsa-mir-193a	1423	1079	977	1091	213	289	193	116
hsa-mir-193b	229	115	258	197	40	55	97	18
hsa-mir-194-1	647	964	8162	4235	6189	14908	12831	14963
hsa-mir-194-2	3324	5336	14126	6808	7093	15996	14176	16499
hsa-mir-195	28	16	29	18	44	100	58	17
hsa-mir-196a-1	17	19	68	25	288	155	252	202
hsa-mir-196a-2	17	9	42	12	317	126	221	214
hsa-mir-196b	239	371	1244	219	13594	5717	11555	10345
hsa-mir-197	4476	2587	3433	12269	146	250	239	116
hsa-mir-1972-1	0	0	0	0	0	0	0	0
hsa-mir-1972-2	0	0	0	0	0	0	0	0
hsa-mir-1973	0	0	0	0	0	0	0	0
hsa-mir-1976	93	95	88	233	9	10	7	8
hsa-mir-198	0	0	0	0	0	0	0	0
hsa-mir-199a-1	210	236	298	288	2672	5310	5879	1193
hsa-mir-199a-2	267	334	436	410	4929	9117	11038	2389
hsa-mir-199b	230	274	343	368	6650	12430	14948	3217
hsa-mir-19a	0	0	0	0	108	47	75	69
hsa-mir-19b-1	2	1	3	1	276	111	132	171
hsa-mir-19b-2	0	1	1	0	213	89	117	126
hsa-mir-200a	749	929	1939	589	5225	2845	4176	2647
hsa-mir-200b	511	855	1851	1048	3604	2043	2690	2190
hsa-mir-200c	21594	26437	57492	43748	10261	9069	16221	10397
hsa-mir-202	0	0	0	0	1	1	0	0
hsa-mir-203a	611	857	1749	323	18048	32053	63739	46549
hsa-mir-203b	1	2	3	2	128	147	839	221
hsa-mir-204	6	11	10	13	25	8	4	10
hsa-mir-205	5	10	27	7	0	0	0	0
hsa-mir-2052	0	0	0	0	0	0	0	0
hsa-mir-2053	0	0	0	0	0	0	0	0
hsa-mir-2054	0	0	0	0	0	0	0	0
hsa-mir-206	0	0	0	0	0	0	0	0
hsa-mir-208a	0	0	0	0	0	0	0	0
hsa-mir-208b	0	0	0	0	0	0	0	0
hsa-mir-20a	16	11	22	7	1701	439	647	887
hsa-mir-20b	9	5	9	4	24	175	24	5
hsa-mir-21	2354	2845	4525	1155	426484	635086	656824	212529
hsa-mir-210	319	371	1018	329	2235	775	1655	567
hsa-mir-211	0	0	0	0	0	0	0	0
hsa-mir-2110	9	10	30	41	2	2	2	2
hsa-mir-2113	0	0	0	0	0	0	0	0
hsa-mir-2114	0	0	0	0	3	1	1	0
hsa-mir-2115	0	0	0	0	0	0	0	0
hsa-mir-2116	4	5	5	11	2	1	2	0
hsa-mir-2117	0	0	0	0	0	0	0	0
hsa-mir-212	6	5	5	8	2	22	6	4
hsa-mir-214	28	25	33	84	28	48	33	9
hsa-mir-215	25	9	11	227	210	1038	135	1333
hsa-mir-216a	0	0	0	0	8	5	5	0
hsa-mir-216b	0	0	1	0	1	3	1	0
hsa-mir-217	1	10	8	0	119	116	169	49
hsa-mir-218-1	4	0	2	6	18	48	33	6
hsa-mir-218-2	1	0	3	2	15	39	33	2
hsa-mir-219a-1	8	9	16	7	5	5	7	3
hsa-mir-219a-2	0	1	0	0	0	1	0	1
hsa-mir-219b	0	0	2	0	0	0	2	0
hsa-mir-22	8311	10507	17531	11814	105319	182942	180862	47423
hsa-mir-221	88	136	134	173	274	467	413	183
hsa-mir-222	36	58	92	86	203	278	247	96
hsa-mir-223	23	29	146	32	306	566	315	127
hsa-mir-224	7	10	38	24	129	190	255	108
hsa-mir-2276	0	2	0	0	0	0	0	0
hsa-mir-2277	1	0	5	4	0	1	1	0
hsa-mir-2278	0	0	0	0	1	0	1	0
hsa-mir-2355	0	2	3	3	61	124	177	47
hsa-mir-2392	0	0	0	0	0	0	0	0
hsa-mir-23a	1258	1358	1957	1671	6532	9783	8624	3822
hsa-mir-23b	1199	1207	1775	1222	5078	7321	5495	1503
hsa-mir-23c	0	0	1	2	0	0	1	2
hsa-mir-24-1	111	130	245	396	1660	1407	1595	475
hsa-mir-24-2	133	134	205	390	1595	1394	1605	460
hsa-mir-2467	0	0	0	0	0	0	0	0
hsa-mir-25	2398	3051	5590	3548	10482	9338	11278	8371
hsa-mir-2681	2	0	0	0	0	0	0	0
hsa-mir-2682	0	0	0	0	0	0	0	0
hsa-mir-26a-1	100	124	239	477	825	1494	1536	468
hsa-mir-26a-2	95	137	264	454	924	1445	1496	449
hsa-mir-26b	66	91	116	270	913	828	973	381
hsa-mir-27a	207	193	407	671	1725	2211	2193	800
hsa-mir-27b	406	344	676	1818	2017	2384	2122	580
hsa-mir-28	9543	7825	14624	9780	7672	20863	18199	4795
hsa-mir-2861	0	0	0	0	0	0	0	0
hsa-mir-2909	0	0	0	0	0	0	0	0
hsa-mir-296	20	15	18	41	1	4	0	5
hsa-mir-297	0	0	0	0	0	0	0	0
hsa-mir-298	0	0	0	0	0	0	0	0
hsa-mir-299	3	3	6	14	6	10	3	2
hsa-mir-29a	1846	2432	4995	9643	13484	19977	11642	6384
hsa-mir-29b-1	4	11	15	14	1396	1430	925	562
hsa-mir-29b-2	65	40	86	55	1239	1339	901	573
hsa-mir-29c	90	72	159	180	813	2822	1719	683
hsa-mir-300	0	0	0	0	0	0	0	0
hsa-mir-301a	1	0	0	0	27	22	34	20
hsa-mir-301b	1	0	0	0	2	2	5	1
hsa-mir-302a	0	0	0	0	0	0	0	0
hsa-mir-302b	0	0	0	0	0	0	0	0
hsa-mir-302c	0	0	0	0	0	0	0	0
hsa-mir-302d	0	0	0	0	0	0	0	0
hsa-mir-302e	0	0	0	0	0	0	0	0
hsa-mir-302f	0	0	0	0	0	0	0	0
hsa-mir-3064	0	0	0	0	0	0	0	0
hsa-mir-3065	4	2	7	5	38	11	13	9
hsa-mir-3074	18	12	41	71	4	4	27	7
hsa-mir-30a	3248	2437	4338	7605	15364	34040	36754	6457
hsa-mir-30b	19	15	67	96	309	359	405	153
hsa-mir-30c-1	141	124	397	336	264	362	452	166
hsa-mir-30c-2	179	176	436	447	243	392	452	155
hsa-mir-30d	6765	8681	13323	9124	10008	13219	8760	5845
hsa-mir-30e	1612	1588	3105	2576	14226	26640	24703	8482
hsa-mir-31	0	1	1	49	2	15	1	1
hsa-mir-3115	0	0	0	0	0	0	0	0
hsa-mir-3116-1	0	0	0	0	0	1	0	0
hsa-mir-3116-2	0	0	0	0	0	0	0	0
hsa-mir-3117	0	0	0	0	0	2	3	0
hsa-mir-3118-1	0	0	0	0	0	0	0	0
hsa-mir-3118-2	0	0	0	0	0	0	0	0
hsa-mir-3118-3	0	0	0	0	0	0	0	0
hsa-mir-3118-4	0	0	0	0	0	0	0	0
hsa-mir-3119-1	0	0	0	0	0	0	0	0
hsa-mir-3119-2	0	0	0	0	0	0	0	0
hsa-mir-3120	0	0	0	0	0	0	0	1
hsa-mir-3121	0	0	0	0	0	0	0	0
hsa-mir-3122	0	0	0	0	0	0	0	0
hsa-mir-3123	0	0	0	0	0	0	0	0
hsa-mir-3124	0	0	0	3	0	0	0	0
hsa-mir-3125	0	0	0	0	0	0	0	0
hsa-mir-3126	0	1	0	0	0	0	1	0
hsa-mir-3127	46	51	76	34	6	12	10	3
hsa-mir-3128	0	0	0	0	0	0	0	0
hsa-mir-3129	0	0	1	0	1	0	0	0
hsa-mir-3130-1	5	7	4	20	1	8	6	3
hsa-mir-3130-2	5	9	4	24	0	4	3	4
hsa-mir-3131	2	1	0	0	4	0	0	0
hsa-mir-3132	0	0	0	0	0	0	0	0
hsa-mir-3133	0	0	0	0	0	0	0	0
hsa-mir-3134	0	0	0	0	0	0	0	0
hsa-mir-3135a	0	0	0	0	0	0	0	0
hsa-mir-3135b	0	0	0	0	0	0	0	0
hsa-mir-3136	0	0	1	0	2	0	0	1
hsa-mir-3137	0	0	0	0	0	0	0	0
hsa-mir-3138	0	1	0	5	0	0	0	0
hsa-mir-3139	0	0	0	0	0	0	0	0
hsa-mir-3140	0	0	0	0	0	0	0	0
hsa-mir-3141	0	0	0	0	0	0	0	0
hsa-mir-3142	0	0	0	0	0	0	0	0
hsa-mir-3143	0	0	0	0	0	0	1	1
hsa-mir-3144	0	0	0	0	0	1	0	1
hsa-mir-3145	0	0	0	0	0	0	1	0
hsa-mir-3146	0	0	0	0	0	2	0	0
hsa-mir-3147	0	0	0	0	0	0	0	0
hsa-mir-3148	0	0	0	0	0	0	0	0
hsa-mir-3149	0	0	0	0	0	0	0	0
hsa-mir-3150a	0	0	0	0	0	0	0	0
hsa-mir-3150b	19	7	56	12	1	3	3	4
hsa-mir-3151	0	0	0	0	0	0	0	0
hsa-mir-3152	0	0	0	0	0	0	0	0
hsa-mir-3153	0	0	0	0	0	0	0	0
hsa-mir-3154	3	1	1	1	0	0	0	0
hsa-mir-3155a	1	0	0	3	0	2	0	1
hsa-mir-3155b	0	0	0	0	0	0	0	0
hsa-mir-3156-1	0	0	0	0	0	0	0	0
hsa-mir-3156-2	0	0	0	0	0	0	0	0
hsa-mir-3156-3	0	0	0	0	0	0	0	0
hsa-mir-3157	0	0	0	8	0	0	0	1
hsa-mir-3158-1	0	2	0	3	0	0	3	0
hsa-mir-3158-2	0	0	0	2	0	0	0	0
hsa-mir-3159	0	1	0	0	0	0	0	0
hsa-mir-3160-1	0	0	0	0	0	0	0	0
hsa-mir-3160-2	0	0	0	0	0	0	0	1
hsa-mir-3161	0	1	0	0	0	1	0	0
hsa-mir-3162	0	0	2	1	0	0	0	0
hsa-mir-3163	0	0	0	0	0	0	0	0
hsa-mir-3164	0	0	0	0	0	0	0	0
hsa-mir-3165	0	0	0	0	0	0	0	0
hsa-mir-3166	0	0	0	0	0	0	0	0
hsa-mir-3167	0	0	0	0	0	0	0	0
hsa-mir-3168	0	0	0	0	0	0	0	0
hsa-mir-3169	0	0	0	0	0	0	0	0
hsa-mir-3170	1	0	5	0	2	4	7	2
hsa-mir-3171	0	0	0	0	1	0	0	0
hsa-mir-3173	8	5	8	11	0	0	1	1
hsa-mir-3174	0	0	0	0	2	0	0	0
hsa-mir-3175	0	0	0	2	0	0	0	0
hsa-mir-3176	0	0	0	0	3	0	0	1
hsa-mir-3177	0	2	1	1	0	0	0	0
hsa-mir-3178	0	0	0	0	0	0	0	0
hsa-mir-3179-1	0	0	0	0	0	0	0	0
hsa-mir-3179-2	0	0	0	0	0	0	0	0
hsa-mir-3179-3	0	0	0	0	0	0	0	0
hsa-mir-3179-4	0	0	0	0	0	0	0	0
hsa-mir-3180-1	0	0	0	0	0	0	0	0
hsa-mir-3180-2	0	0	0	0	0	0	0	0
hsa-mir-3180-3	0	0	0	0	0	0	0	0
hsa-mir-3180-4	0	0	0	0	0	0	0	0
hsa-mir-3180-5	0	0	0	0	0	0	0	0
hsa-mir-3181	0	0	0	0	0	0	0	0
hsa-mir-3182	0	0	0	0	0	0	0	0
hsa-mir-3183	3	0	0	2	0	0	0	0
hsa-mir-3184	0	0	0	0	0	0	0	0
hsa-mir-3185	0	0	0	0	0	0	0	0
hsa-mir-3186	0	0	0	0	0	0	0	0
hsa-mir-3187	0	1	0	1	0	0	0	0
hsa-mir-3188	2	0	1	5	0	0	0	0
hsa-mir-3189	0	0	0	0	0	0	0	0
hsa-mir-3190	0	0	0	1	0	0	0	0
hsa-mir-3191	1	0	0	0	0	0	0	0
hsa-mir-3192	0	0	0	0	0	0	0	0
hsa-mir-3193	2	3	2	1	0	1	0	1
hsa-mir-3194	0	0	0	1	0	0	0	2
hsa-mir-3195	0	0	0	0	0	0	0	0
hsa-mir-3196	0	0	0	0	0	0	0	0
hsa-mir-3197	0	0	0	0	0	0	0	0
hsa-mir-3198-1	0	0	0	0	0	0	0	0
hsa-mir-3198-2	0	0	0	0	0	0	0	0
hsa-mir-3199-1	0	0	0	0	0	0	0	0
hsa-mir-3199-2	1	1	1	4	1	0	0	0
hsa-mir-32	0	5	4	7	55	37	37	42
hsa-mir-3200	9	3	5	18	2	2	3	1
hsa-mir-3201	0	0	0	0	0	0	0	0
hsa-mir-3202-1	0	0	0	0	0	0	0	0
hsa-mir-3202-2	0	0	0	0	0	0	0	0
hsa-mir-320a	727	726	1532	877	223	591	776	132
hsa-mir-320b-1	2	4	4	4	3	7	8	0
hsa-mir-320b-2	0	5	10	12	0	2	7	1
hsa-mir-320c-1	1	1	2	1	0	0	0	0
hsa-mir-320c-2	2	0	3	0	0	0	0	1
hsa-mir-320d-1	0	0	0	1	0	0	0	0
hsa-mir-320d-2	0	0	0	0	0	0	0	0
hsa-mir-320e	0	0	0	0	0	0	0	0
hsa-mir-323a	10	10	14	15	5	7	3	7
hsa-mir-323b	7	16	5	9	9	46	5	11
hsa-mir-324	109	103	170	196	57	48	40	26
hsa-mir-325	0	0	0	0	0	0	0	0
hsa-mir-326	13	2	16	126	5	5	6	0
hsa-mir-328	668	373	301	678	25	45	36	17
hsa-mir-329-1	0	1	0	0	0	0	0	0
hsa-mir-329-2	0	1	0	0	1	1	0	0
hsa-mir-330	35	31	32	51	21	22	42	16
hsa-mir-331	51	33	70	134	20	60	48	11
hsa-mir-335	3	5	14	5	533	194	256	329
hsa-mir-337	2	3	7	1	49	77	41	25
hsa-mir-338	49	46	77	277	887	747	870	1052
hsa-mir-339	79	58	164	252	105	57	33	22
hsa-mir-33a	1	7	7	6	41	37	31	35
hsa-mir-33b	0	0	2	0	11	12	9	8
hsa-mir-340	3	3	4	0	20	28	35	15
hsa-mir-342	121	150	373	263	151	437	199	50
hsa-mir-345	10	8	27	70	30	33	30	17
hsa-mir-346	1	2	5	3	0	0	0	0
hsa-mir-34a	12	7	21	37	143	101	138	41
hsa-mir-34b	0	0	0	0	7	3	1	0
hsa-mir-34c	3	2	4	5	7	5	7	2
hsa-mir-3529	0	0	0	0	0	0	0	0
hsa-mir-3591	0	0	0	0	0	0	0	0
hsa-mir-3605	23	11	8	32	11	11	13	4
hsa-mir-3606	0	0	0	0	0	0	0	0
hsa-mir-3607	7	9	38	105	105	221	199	113
hsa-mir-3609	3	0	1	5	2	0	0	0
hsa-mir-361	444	522	626	775	283	435	375	196
hsa-mir-3610	1	1	1	4	3	0	1	1
hsa-mir-3611	0	0	0	0	0	0	0	0
hsa-mir-3612	0	0	0	0	0	0	0	0
hsa-mir-3613	0	0	0	5	22	21	26	15
hsa-mir-3614	9	13	9	16	5	11	3	3
hsa-mir-3615	23	52	50	35	6	4	3	2
hsa-mir-3616	0	0	0	0	0	0	0	0
hsa-mir-3617	0	0	0	0	0	0	0	2
hsa-mir-3618	0	0	0	0	2	0	0	0
hsa-mir-3619	0	1	0	0	0	0	1	0
hsa-mir-362	12	7	37	13	23	39	31	22
hsa-mir-3620	0	0	1	2	0	0	1	0
hsa-mir-3621	0	0	0	0	0	0	0	0
hsa-mir-3622a	12	12	4	6	0	1	0	0
hsa-mir-3622b	0	0	0	1	0	0	0	0
hsa-mir-363	4	8	7	8	8	57	11	1
hsa-mir-3646	0	0	0	0	0	0	0	0
hsa-mir-3648-1	0	0	0	0	0	0	0	0
hsa-mir-3648-2	0	0	0	0	0	0	0	0
hsa-mir-3649	0	0	0	0	0	1	0	0
hsa-mir-3650	0	0	0	0	0	0	0	0
hsa-mir-3651	10	1	4	16	9	0	2	0
hsa-mir-3652	2	4	2	5	0	0	0	2
hsa-mir-3653	8	9	15	95	9	14	12	5
hsa-mir-3654	0	0	0	0	0	0	0	0
hsa-mir-3655	0	0	2	1	0	1	0	0
hsa-mir-3656	0	1	0	2	0	0	0	0
hsa-mir-3657	0	0	0	0	0	0	0	0
hsa-mir-3658	0	0	0	0	0	0	0	0
hsa-mir-3659	0	0	0	0	0	0	0	0
hsa-mir-365a	47	27	57	74	72	86	90	12
hsa-mir-365b	44	25	53	79	72	85	88	12
hsa-mir-3660	0	0	0	0	0	0	0	0
hsa-mir-3661	0	0	0	0	0	0	0	0
hsa-mir-3662	0	0	0	0	3	0	1	2
hsa-mir-3663	0	0	0	0	0	0	0	0
hsa-mir-3664	0	0	1	0	0	0	1	0
hsa-mir-3665	0	0	0	0	0	0	0	0
hsa-mir-3666	0	0	0	0	0	0	0	0
hsa-mir-3667	1	0	0	0	0	0	0	0
hsa-mir-3668	0	0	0	0	0	0	0	0
hsa-mir-367	0	0	0	0	0	0	0	0
hsa-mir-3670-1	0	0	0	0	0	0	0	0
hsa-mir-3670-2	0	0	0	0	0	0	0	0
hsa-mir-3670-3	0	0	0	0	0	0	0	0
hsa-mir-3670-4	0	0	0	0	0	0	0	0
hsa-mir-3671	0	0	0	0	0	0	0	0
hsa-mir-3672	0	0	0	0	0	0	0	0
hsa-mir-3674	0	0	0	0	0	0	0	0
hsa-mir-3675	0	0	0	0	0	0	0	0
hsa-mir-3677	0	0	1	1	23	10	11	2
hsa-mir-3678	1	0	4	0	0	2	0	0
hsa-mir-3679	0	0	0	0	0	1	0	0
hsa-mir-3680-1	0	0	1	3	0	2	0	1
hsa-mir-3680-2	0	0	0	3	0	0	0	0
hsa-mir-3681	0	0	0	0	0	0	0	0
hsa-mir-3682	0	0	0	0	2	0	0	0
hsa-mir-3683	0	0	0	0	0	0	0	0
hsa-mir-3684	0	0	0	0	1	0	2	0
hsa-mir-3685	0	0	0	0	0	0	0	0
hsa-mir-3686	0	0	0	0	0	0	0	0
hsa-mir-3687-1	0	0	0	0	0	0	0	0
hsa-mir-3687-2	0	0	0	0	0	0	0	0
hsa-mir-3688-1	0	0	0	0	0	0	0	0
hsa-mir-3688-2	0	0	0	0	0	0	0	0
hsa-mir-3689a	0	0	0	0	0	0	0	0
hsa-mir-3689b	0	0	0	0	0	0	0	0
hsa-mir-3689c	0	0	0	0	0	0	0	0
hsa-mir-3689d-1	0	0	0	0	0	0	0	0
hsa-mir-3689d-2	0	0	0	0	0	0	0	0
hsa-mir-3689e	0	0	0	0	0	0	0	0
hsa-mir-3689f	0	0	0	0	0	0	0	0
hsa-mir-369	0	0	0	4	25	25	19	12
hsa-mir-3690-1	2	3	8	2	0	1	1	0
hsa-mir-3690-2	0	0	0	0	0	0	0	0
hsa-mir-3691	2	0	0	0	0	0	0	0
hsa-mir-3692	0	0	0	0	0	0	0	0
hsa-mir-370	34	30	33	31	20	37	18	6
hsa-mir-3713	0	0	0	0	0	0	0	0
hsa-mir-3714	0	0	0	0	0	0	0	0
hsa-mir-371a	0	0	0	0	0	0	0	0
hsa-mir-371b	0	0	0	0	0	0	0	0
hsa-mir-372	0	0	0	0	0	1	1	0
hsa-mir-373	0	0	0	0	0	0	0	0
hsa-mir-374a	8	5	3	0	1320	2304	3199	844
hsa-mir-374b	2	2	3	7	51	119	147	38
hsa-mir-374c	0	0	0	0	2	7	8	3
hsa-mir-375	172069	219044	273410	184064	27825	29707	28297	33090
hsa-mir-376a-1	0	0	0	0	1	3	3	0
hsa-mir-376a-2	0	0	0	0	1	1	1	2
hsa-mir-376b	0	0	0	0	3	1	4	0
hsa-mir-376c	0	0	0	0	4	9	7	2
hsa-mir-377	3	2	2	16	12	8	8	3
hsa-mir-378a	5176	5381	9752	9301	906	2369	1810	1037
hsa-mir-378b	0	0	0	0	0	0	0	0
hsa-mir-378c	13	14	14	45	9	53	21	11
hsa-mir-378d-1	0	0	1	0	0	1	2	0
hsa-mir-378d-2	0	0	0	0	0	3	2	0
hsa-mir-378e	0	0	0	0	0	0	0	0
hsa-mir-378f	0	0	0	0	0	1	0	0
hsa-mir-378g	0	0	0	0	0	0	0	0
hsa-mir-378h	0	0	0	0	0	0	0	0
hsa-mir-378i	0	0	0	0	0	0	0	0
hsa-mir-378j	0	0	0	0	0	0	0	0
hsa-mir-379	31	33	42	46	1137	1761	1435	521
hsa-mir-380	0	0	0	0	0	1	0	1
hsa-mir-381	12	19	35	20	57	83	68	36
hsa-mir-382	5	4	19	5	38	57	45	20
hsa-mir-383	9	0	0	5	1	8	4	0
hsa-mir-384	0	0	0	0	0	0	0	0
hsa-mir-3907	0	0	0	0	0	0	0	0
hsa-mir-3908	0	0	0	0	0	0	0	0
hsa-mir-3909	0	0	1	3	0	0	1	0
hsa-mir-3910-1	0	0	0	0	0	0	0	0
hsa-mir-3910-2	0	0	0	0	0	0	0	0
hsa-mir-3911	0	1	0	0	0	1	0	0
hsa-mir-3912	0	0	0	0	0	1	2	0
hsa-mir-3913-1	1	0	0	0	3	1	1	1
hsa-mir-3913-2	2	0	0	0	0	1	4	1
hsa-mir-3914-1	0	0	0	0	0	0	1	0
hsa-mir-3914-2	0	0	0	0	0	0	0	0
hsa-mir-3915	0	0	0	0	0	0	0	0
hsa-mir-3916	0	0	0	1	0	0	0	0
hsa-mir-3917	3	12	13	19	1	1	0	0
hsa-mir-3918	0	0	0	0	0	0	0	1
hsa-mir-3919	0	0	0	0	0	0	0	0
hsa-mir-3920	0	0	0	0	0	3	1	0
hsa-mir-3921	0	0	0	0	0	0	0	0
hsa-mir-3922	0	1	1	1	0	0	2	1
hsa-mir-3923	0	0	0	0	0	0	0	0
hsa-mir-3924	0	0	0	0	0	0	0	0
hsa-mir-3925	0	0	0	0	0	0	0	0
hsa-mir-3926-1	0	0	0	0	1	0	2	0
hsa-mir-3926-2	0	0	0	0	0	0	1	0
hsa-mir-3927	0	0	0	0	0	0	0	0
hsa-mir-3928	3	3	12	7	2	3	3	1
hsa-mir-3929	0	0	0	0	0	0	0	0
hsa-mir-3934	2	4	3	5	0	3	0	0
hsa-mir-3935	0	0	0	0	0	0	0	0
hsa-mir-3936	0	0	0	0	0	0	0	0
hsa-mir-3937	1	2	0	1	0	0	0	0
hsa-mir-3938	0	0	0	0	0	0	0	1
hsa-mir-3939	0	0	0	0	0	0	0	0
hsa-mir-3940	9	18	17	19	1	2	1	2
hsa-mir-3941	1	0	0	0	0	0	2	0
hsa-mir-3942	0	0	0	0	1	0	0	1
hsa-mir-3943	0	0	0	0	0	0	0	0
hsa-mir-3944	1	4	6	3	1	1	0	1
hsa-mir-3945	0	0	0	0	0	0	0	0
hsa-mir-3960	0	0	0	0	0	0	0	0
hsa-mir-3972	0	0	0	0	0	0	0	0
hsa-mir-3973	0	0	0	0	0	0	0	0
hsa-mir-3974	0	0	0	0	0	0	0	0
hsa-mir-3975	0	0	0	0	0	0	0	0
hsa-mir-3976	0	0	0	0	0	0	0	0
hsa-mir-3977	0	0	0	0	0	0	0	0
hsa-mir-3978	0	0	0	0	0	0	0	0
hsa-mir-409	61	58	62	39	62	122	63	50
hsa-mir-410	7	5	10	24	20	19	13	5
hsa-mir-411	0	0	0	0	12	20	10	4
hsa-mir-412	0	6	4	2	1	27	17	8
hsa-mir-421	0	0	0	1	3	5	4	4
hsa-mir-422a	0	0	0	0	0	0	0	0
hsa-mir-423	603	693	944	1229	107	175	116	81
hsa-mir-424	1	1	11	12	216	207	187	54
hsa-mir-425	101	138	411	180	741	300	453	265
hsa-mir-4251	0	0	0	0	0	0	0	0
hsa-mir-4252	0	0	0	0	0	0	0	0
hsa-mir-4253	0	0	0	0	0	0	0	0
hsa-mir-4254	0	0	0	0	0	0	0	0
hsa-mir-4255	0	0	0	0	0	0	0	0
hsa-mir-4256	0	0	0	0	0	0	0	0
hsa-mir-4257	0	0	0	0	0	0	0	0
hsa-mir-4258	0	0	0	0	0	0	0	0
hsa-mir-4259	0	0	0	0	0	0	0	0
hsa-mir-4260	0	0	0	0	0	0	0	0
hsa-mir-4261	0	0	0	0	0	0	0	0
hsa-mir-4262	0	0	0	0	0	0	0	0
hsa-mir-4263	0	0	0	0	0	0	0	0
hsa-mir-4264	0	0	0	0	0	0	0	0
hsa-mir-4265	0	0	0	0	0	0	0	0
hsa-mir-4266	0	0	0	0	0	0	0	0
hsa-mir-4267	0	0	0	0	0	0	0	0
hsa-mir-4268	0	0	0	0	0	0	0	0
hsa-mir-4269	0	0	0	0	0	0	0	0
hsa-mir-4270	0	0	0	0	0	0	0	0
hsa-mir-4271	0	0	0	0	0	0	0	0
hsa-mir-4272	0	0	0	0	0	0	0	0
hsa-mir-4273	0	0	0	0	0	0	0	0
hsa-mir-4274	0	0	0	0	0	0	0	0
hsa-mir-4275	0	0	0	0	0	0	0	0
hsa-mir-4276	0	0	0	0	0	0	0	0
hsa-mir-4277	0	0	0	0	0	0	0	0
hsa-mir-4278	0	0	0	0	0	0	0	0
hsa-mir-4279	0	0	0	0	0	0	0	0
hsa-mir-4280	0	0	0	0	0	0	0	0
hsa-mir-4281	0	0	0	0	0	0	0	0
hsa-mir-4282	0	0	0	0	0	0	0	0
hsa-mir-4283-1	0	0	0	0	0	0	0	0
hsa-mir-4283-2	0	0	0	0	0	0	0	0
hsa-mir-4284	0	0	0	0	0	0	0	0
hsa-mir-4285	0	0	0	0	0	0	0	0
hsa-mir-4286	1	0	0	2	0	0	0	0
hsa-mir-4287	0	0	0	0	0	0	0	0
hsa-mir-4288	0	0	0	0	0	0	0	0
hsa-mir-4289	0	0	0	0	0	0	0	0
hsa-mir-429	19	18	30	45	884	338	478	341
hsa-mir-4290	0	0	0	0	0	0	0	0
hsa-mir-4291	0	0	0	0	0	0	0	0
hsa-mir-4292	0	0	0	0	0	0	0	0
hsa-mir-4293	0	0	0	0	0	0	0	0
hsa-mir-4294	0	0	0	0	0	0	0	0
hsa-mir-4295	0	0	0	0	0	0	0	0
hsa-mir-4296	0	0	0	0	0	0	0	0
hsa-mir-4297	0	0	0	0	0	0	0	0
hsa-mir-4298	0	0	0	0	0	0	0	0
hsa-mir-4299	0	0	0	0	0	0	0	0
hsa-mir-4300	0	0	0	0	0	0	0	0
hsa-mir-4301	0	0	0	0	0	0	0	0
hsa-mir-4302	0	0	0	0	0	0	0	0
hsa-mir-4303	0	0	0	0	0	0	0	0
hsa-mir-4304	0	0	0	0	0	0	0	0
hsa-mir-4305	0	0	0	0	0	0	0	0
hsa-mir-4306	0	0	0	0	0	0	0	0
hsa-mir-4307	0	0	0	0	0	0	0	0
hsa-mir-4308	0	0	0	0	0	0	0	0
hsa-mir-4309	0	0	0	0	0	0	0	0
hsa-mir-431	37	25	25	51	10	40	10	6
hsa-mir-4310	0	0	0	0	0	0	0	0
hsa-mir-4311	0	0	0	0	0	0	0	0
hsa-mir-4312	0	0	0	0	0	0	0	0
hsa-mir-4313	0	0	0	0	0	0	0	0
hsa-mir-4314	0	0	0	0	0	0	0	0
hsa-mir-4315-1	0	0	0	0	0	0	0	0
hsa-mir-4315-2	0	0	0	0	0	0	0	0
hsa-mir-4316	0	0	0	0	0	0	0	0
hsa-mir-4317	0	0	0	0	0	0	0	0
hsa-mir-4318	0	0	0	0	0	0	0	0
hsa-mir-4319	0	0	0	0	0	0	0	0
hsa-mir-432	44	22	35	10	4	18	14	7
hsa-mir-4320	0	0	0	0	0	0	0	0
hsa-mir-4321	0	0	0	0	0	0	0	0
hsa-mir-4322	0	0	0	0	0	0	0	0
hsa-mir-4323	0	0	0	0	0	0	0	0
hsa-mir-4324	0	0	0	0	0	0	0	0
hsa-mir-4325	0	0	0	0	0	0	0	0
hsa-mir-4326	30	10	7	30	12	4	6	6
hsa-mir-4327	0	0	0	0	0	0	0	0
hsa-mir-4328	0	0	0	0	0	0	0	0
hsa-mir-4329	0	0	0	0	0	0	0	0
hsa-mir-433	21	15	12	11	2	5	3	2
hsa-mir-4330	0	0	0	0	0	0	0	0
hsa-mir-4417	0	0	0	0	0	0	0	0
hsa-mir-4418	0	0	0	0	0	0	0	0
hsa-mir-4419a	0	0	0	0	0	0	0	0
hsa-mir-4419b	0	0	0	0	0	0	0	0
hsa-mir-4420	0	0	0	0	0	0	0	0
hsa-mir-4421	0	0	0	0	0	0	0	0
hsa-mir-4422	0	0	0	0	0	0	0	0
hsa-mir-4423	0	0	0	1	0	1	1	0
hsa-mir-4424	0	0	0	0	0	0	0	0
hsa-mir-4425	0	0	0	0	0	0	2	0
hsa-mir-4426	0	0	0	0	0	0	0	0
hsa-mir-4427	0	0	0	0	0	0	0	0
hsa-mir-4428	0	0	0	0	0	0	0	0
hsa-mir-4429	0	0	0	0	0	0	0	0
hsa-mir-4430	0	0	0	0	0	0	0	0
hsa-mir-4431	0	0	0	0	0	0	0	0
hsa-mir-4432	0	0	0	0	0	0	0	0
hsa-mir-4433a	1	0	0	0	0	0	0	0
hsa-mir-4433b	2	1	0	0	0	0	0	0
hsa-mir-4434	0	0	0	0	0	2	1	0
hsa-mir-4435-1	0	0	0	0	0	0	0	0
hsa-mir-4435-2	0	0	0	0	0	0	0	0
hsa-mir-4436a	0	0	0	0	0	0	0	0
hsa-mir-4436b-1	0	0	0	7	0	0	0	0
hsa-mir-4436b-2	0	0	1	4	0	0	0	0
hsa-mir-4437	0	0	1	0	0	0	0	0
hsa-mir-4438	0	0	0	0	0	0	0	0
hsa-mir-4439	0	0	0	0	0	0	0	0
hsa-mir-4440	0	0	0	0	0	0	0	0
hsa-mir-4441	0	0	0	0	0	0	0	0
hsa-mir-4442	0	2	2	0	0	0	1	1
hsa-mir-4443	0	0	1	3	0	0	0	1
hsa-mir-4444-1	0	0	0	0	2	0	2	0
hsa-mir-4444-2	0	0	0	0	0	1	1	1
hsa-mir-4445	0	0	0	0	0	0	0	0
hsa-mir-4446	2	0	1	0	0	0	0	0
hsa-mir-4447	0	0	0	0	0	0	0	0
hsa-mir-4448	0	0	0	0	0	0	0	0
hsa-mir-4449	2	1	5	9	3	0	0	0
hsa-mir-4450	0	0	0	0	0	0	0	0
hsa-mir-4451	0	0	0	0	0	0	0	0
hsa-mir-4452	0	0	0	0	0	0	0	0
hsa-mir-4453	0	0	4	1	0	0	0	2
hsa-mir-4454	0	0	0	1	0	0	1	0
hsa-mir-4455	0	0	0	0	0	0	0	0
hsa-mir-4456	0	0	0	0	0	0	0	0
hsa-mir-4457	0	0	0	0	0	0	0	0
hsa-mir-4458	0	0	0	0	0	0	0	0
hsa-mir-4459	0	0	0	0	0	0	0	0
hsa-mir-4460	0	0	0	0	0	0	0	0
hsa-mir-4461	0	0	0	1	2	0	0	3
hsa-mir-4462	0	0	0	0	0	0	0	0
hsa-mir-4463	0	0	0	0	0	0	0	0
hsa-mir-4464	0	0	0	0	0	0	0	0
hsa-mir-4465	0	0	0	0	0	0	0	0
hsa-mir-4466	0	0	0	0	0	0	0	0
hsa-mir-4467	0	0	0	0	0	0	0	0
hsa-mir-4468	0	0	0	0	0	0	0	0
hsa-mir-4469	0	0	1	0	0	0	1	0
hsa-mir-4470	0	0	0	0	0	0	0	0
hsa-mir-4471	0	0	0	0	0	0	0	0
hsa-mir-4472-1	0	0	0	0	0	0	0	0
hsa-mir-4472-2	0	0	0	0	0	0	0	0
hsa-mir-4473	2	0	0	0	9	4	3	4
hsa-mir-4474	0	0	0	0	0	1	1	1
hsa-mir-4475	0	0	0	0	0	0	0	0
hsa-mir-4476	0	0	0	0	0	0	0	0
hsa-mir-4477a	0	0	0	0	0	0	0	0
hsa-mir-4477b	0	0	0	0	0	0	0	0
hsa-mir-4478	0	0	0	0	0	0	0	1
hsa-mir-4479	0	0	4	1	0	0	0	0
hsa-mir-448	0	0	0	0	0	0	0	0
hsa-mir-4480	0	0	0	0	0	0	0	0
hsa-mir-4481	0	0	0	0	0	0	0	0
hsa-mir-4482	0	0	0	0	0	2	0	1
hsa-mir-4483	0	0	0	0	0	0	0	0
hsa-mir-4484	0	0	0	0	0	0	1	2
hsa-mir-4485	0	0	0	0	0	0	0	0
hsa-mir-4486	0	0	0	0	0	0	0	0
hsa-mir-4487	0	0	0	0	0	1	0	0
hsa-mir-4488	0	0	0	2	0	0	0	0
hsa-mir-4489	0	0	0	0	0	0	0	0
hsa-mir-4490	0	0	0	0	0	0	0	0
hsa-mir-4491	0	0	1	0	0	0	1	0
hsa-mir-4492	0	0	0	0	0	0	0	0
hsa-mir-4493	0	0	0	0	0	0	0	0
hsa-mir-4494	0	0	0	0	0	1	0	0
hsa-mir-4495	0	0	0	0	0	0	0	0
hsa-mir-4496	0	0	0	0	0	0	0	0
hsa-mir-4497	0	0	0	0	0	0	0	0
hsa-mir-4498	0	0	0	0	0	0	0	0
hsa-mir-4499	0	0	0	0	0	0	0	0
hsa-mir-449a	0	1	0	0	0	0	0	0
hsa-mir-449b	0	0	0	0	0	0	0	0
hsa-mir-449c	0	0	0	0	0	0	0	0
hsa-mir-4500	0	0	0	0	0	0	0	0
hsa-mir-4501	0	0	0	0	0	0	2	0
hsa-mir-4502	0	0	0	0	0	0	0	0
hsa-mir-4503	0	0	0	0	0	0	0	0
hsa-mir-4504	0	0	0	0	0	0	0	0
hsa-mir-4505	0	0	0	0	0	0	0	0
hsa-mir-4506	0	0	0	0	0	0	0	0
hsa-mir-4507	0	0	0	0	0	0	0	0
hsa-mir-4508	0	0	0	0	0	0	0	0
hsa-mir-4509-1	0	0	0	0	0	0	0	0
hsa-mir-4509-2	0	0	0	0	0	0	0	0
hsa-mir-4509-3	0	0	0	0	0	0	0	0
hsa-mir-450a-1	0	0	0	0	5	6	8	0
hsa-mir-450a-2	0	0	0	0	5	5	4	0
hsa-mir-450b	0	0	0	0	26	22	27	14
hsa-mir-4510	0	0	0	0	0	0	0	0
hsa-mir-4511	0	0	0	0	0	0	0	0
hsa-mir-4512	0	0	1	1	0	0	0	0
hsa-mir-4513	0	0	0	0	0	0	0	0
hsa-mir-4514	0	0	0	0	0	0	0	0
hsa-mir-4515	0	0	0	0	0	0	0	1
hsa-mir-4516	0	0	0	1	0	0	0	0
hsa-mir-4517	0	0	0	0	0	0	0	0
hsa-mir-4518	0	0	0	0	0	0	0	0
hsa-mir-4519	0	0	0	1	0	0	0	0
hsa-mir-451a	25	43	42	93	558	842	414	150
hsa-mir-451b	0	0	0	0	0	0	0	0
hsa-mir-452	1	3	6	6	176	147	193	68
hsa-mir-4520-1	0	0	0	0	0	0	0	0
hsa-mir-4520-2	0	0	0	0	0	0	0	0
hsa-mir-4521	1	3	1	4	0	3	1	0
hsa-mir-4522	0	0	0	4	0	2	0	1
hsa-mir-4523	0	0	0	0	0	0	0	0
hsa-mir-4524a	0	0	0	12	0	0	0	0
hsa-mir-4524b	0	0	0	0	0	0	0	0
hsa-mir-4525	0	0	2	0	0	0	0	0
hsa-mir-4526	0	0	0	0	0	0	0	0
hsa-mir-4527	0	0	0	0	0	0	0	0
hsa-mir-4528	0	0	0	0	0	0	0	0
hsa-mir-4529	0	0	0	1	0	0	0	0
hsa-mir-4530	0	0	1	0	0	0	0	0
hsa-mir-4531	0	0	0	0	0	0	0	0
hsa-mir-4532	0	0	0	0	0	0	0	0
hsa-mir-4533	0	0	0	0	0	0	0	0
hsa-mir-4534	0	0	0	0	0	0	0	0
hsa-mir-4535	0	0	0	0	0	0	0	0
hsa-mir-4536-1	0	0	0	0	0	0	0	0
hsa-mir-4536-2	0	0	0	0	0	0	0	0
hsa-mir-4537	0	0	0	0	0	0	0	0
hsa-mir-4538	0	0	0	0	0	0	0	0
hsa-mir-4539	0	0	0	0	0	0	0	0
hsa-mir-454	0	0	0	1	18	16	13	5
hsa-mir-4540	0	0	0	0	0	0	0	0
hsa-mir-455	289	336	504	573	330	533	463	230
hsa-mir-4632	0	2	6	4	0	0	0	0
hsa-mir-4633	0	0	0	0	0	0	0	0
hsa-mir-4634	0	0	0	4	0	0	0	0
hsa-mir-4635	0	0	0	0	0	0	0	0
hsa-mir-4636	1	0	1	0	1	1	2	4
hsa-mir-4637	0	0	0	0	0	0	0	0
hsa-mir-4638	4	3	0	2	3	1	1	3
hsa-mir-4639	0	0	0	0	0	0	2	0
hsa-mir-4640	0	0	1	3	0	0	0	0
hsa-mir-4641	0	0	0	0	0	0	0	0
hsa-mir-4642	0	0	0	0	0	0	0	0
hsa-mir-4643	0	0	0	0	0	0	0	0
hsa-mir-4644	0	0	0	0	0	0	0	0
hsa-mir-4645	0	0	0	0	0	0	1	0
hsa-mir-4646	1	0	0	1	0	0	0	0
hsa-mir-4647	0	0	0	0	0	1	0	0
hsa-mir-4648	0	0	0	2	1	0	0	0
hsa-mir-4649	0	0	1	0	0	2	1	0
hsa-mir-4650-1	0	0	0	0	0	0	0	0
hsa-mir-4650-2	0	0	0	0	0	0	0	0
hsa-mir-4651	0	1	1	1	0	0	0	0
hsa-mir-4652	0	0	0	1	3	0	0	0
hsa-mir-4653	0	0	0	0	0	0	0	0
hsa-mir-4654	0	0	0	0	0	0	0	0
hsa-mir-4655	0	0	0	0	0	0	0	0
hsa-mir-4656	0	0	0	0	0	0	0	0
hsa-mir-4657	0	0	0	0	0	0	0	0
hsa-mir-4658	1	0	2	0	2	0	0	0
hsa-mir-4659a	0	0	0	2	0	0	0	0
hsa-mir-4659b	0	0	0	0	0	0	0	0
hsa-mir-466	0	0	0	0	0	0	0	0
hsa-mir-4660	0	2	1	1	0	0	2	0
hsa-mir-4661	2	4	7	1	6	7	1	4
hsa-mir-4662a	0	0	0	1	2	19	12	9
hsa-mir-4662b	0	0	0	0	0	0	0	0
hsa-mir-4663	0	0	0	0	0	0	0	0
hsa-mir-4664	0	1	1	1	3	0	0	1
hsa-mir-4665	2	0	1	1	0	0	3	0
hsa-mir-4666a	0	0	0	0	0	0	0	0
hsa-mir-4666b	0	0	0	0	0	0	0	0
hsa-mir-4667	0	1	0	0	0	0	0	1
hsa-mir-4668	0	0	0	0	7	7	4	1
hsa-mir-4669	0	0	0	0	0	0	0	0
hsa-mir-4670	0	0	0	0	0	0	0	0
hsa-mir-4671	0	0	0	0	0	0	0	0
hsa-mir-4672	0	0	0	0	0	0	0	0
hsa-mir-4673	0	0	0	0	0	0	0	0
hsa-mir-4674	2	1	0	0	0	1	0	0
hsa-mir-4675	0	0	0	0	0	0	0	0
hsa-mir-4676	5	7	7	5	0	0	1	1
hsa-mir-4677	1	0	0	0	8	15	23	11
hsa-mir-4678	0	0	0	0	0	0	0	0
hsa-mir-4679-1	0	0	0	0	0	0	0	0
hsa-mir-4679-2	0	0	0	0	0	1	0	0
hsa-mir-4680	0	0	0	0	0	1	0	0
hsa-mir-4681	0	0	0	0	0	0	0	0
hsa-mir-4682	0	0	0	0	0	0	0	0
hsa-mir-4683	0	0	0	0	0	0	0	0
hsa-mir-4684	0	0	0	0	2	1	2	0
hsa-mir-4685	1	2	2	5	0	0	1	1
hsa-mir-4686	0	0	0	0	0	0	0	0
hsa-mir-4687	0	1	1	2	0	0	0	1
hsa-mir-4688	0	0	0	0	0	0	0	0
hsa-mir-4689	2	0	0	0	0	0	0	0
hsa-mir-4690	0	0	0	0	0	1	0	1
hsa-mir-4691	1	0	0	0	0	0	0	0
hsa-mir-4692	0	0	0	0	0	0	0	0
hsa-mir-4693	0	0	0	0	0	0	0	0
hsa-mir-4694	0	0	0	0	0	0	0	0
hsa-mir-4695	0	0	0	0	0	0	0	0
hsa-mir-4696	0	0	0	0	0	0	1	0
hsa-mir-4697	0	0	0	0	0	0	0	0
hsa-mir-4698	0	0	0	0	0	0	0	0
hsa-mir-4699	0	0	0	0	0	0	0	0
hsa-mir-4700	0	2	0	0	0	0	0	0
hsa-mir-4701	0	0	0	0	0	0	0	0
hsa-mir-4703	0	0	0	0	0	0	0	0
hsa-mir-4704	0	0	0	0	0	0	0	0
hsa-mir-4705	0	0	0	0	0	1	0	0
hsa-mir-4706	0	0	0	0	0	0	0	0
hsa-mir-4707	1	0	6	6	0	0	0	0
hsa-mir-4708	1	1	0	0	0	0	0	0
hsa-mir-4709	0	0	0	0	0	1	1	0
hsa-mir-4710	1	0	1	0	0	0	0	0
hsa-mir-4711	0	0	0	0	0	0	0	0
hsa-mir-4712	0	0	0	0	0	0	0	0
hsa-mir-4713	0	0	0	3	0	0	0	0
hsa-mir-4714	0	0	0	0	1	1	2	0
hsa-mir-4715	0	0	0	0	0	0	0	0
hsa-mir-4716	0	0	1	0	0	0	0	0
hsa-mir-4717	3	0	0	0	0	0	1	0
hsa-mir-4718	0	0	0	0	0	0	0	0
hsa-mir-4719	0	0	0	0	0	0	0	0
hsa-mir-4720	0	0	0	0	0	0	0	0
hsa-mir-4721	0	0	0	0	0	0	0	0
hsa-mir-4722	0	0	0	0	0	0	0	0
hsa-mir-4723	1	0	0	0	0	0	0	0
hsa-mir-4724	0	0	1	0	4	1	1	0
hsa-mir-4725	0	0	2	0	0	0	1	0
hsa-mir-4726	0	1	0	0	1	1	0	0
hsa-mir-4727	0	0	1	0	0	0	0	0
hsa-mir-4728	4	6	9	27	3	1	0	2
hsa-mir-4729	0	0	0	0	1	0	0	0
hsa-mir-4730	0	0	0	0	0	0	0	0
hsa-mir-4731	0	0	0	3	0	0	0	0
hsa-mir-4732	5	14	4	7	0	0	0	0
hsa-mir-4733	0	0	0	3	0	0	0	0
hsa-mir-4734	0	0	0	0	0	0	0	1
hsa-mir-4735	0	0	0	0	0	0	0	0
hsa-mir-4736	0	0	0	1	0	0	0	0
hsa-mir-4737	0	0	0	0	0	0	0	0
hsa-mir-4738	0	0	0	3	0	0	0	1
hsa-mir-4739	0	0	2	0	0	0	1	0
hsa-mir-4740	0	1	0	0	0	0	0	0
hsa-mir-4741	0	0	0	0	0	0	0	0
hsa-mir-4742	0	2	3	1	2	0	0	1
hsa-mir-4743	0	0	0	0	0	1	0	0
hsa-mir-4744	0	0	0	0	0	0	0	0
hsa-mir-4745	0	0	2	0	0	0	0	0
hsa-mir-4746	6	6	10	15	4	1	2	3
hsa-mir-4747	0	0	0	0	0	0	0	0
hsa-mir-4748	0	0	0	0	0	0	0	0
hsa-mir-4749	0	1	0	0	0	0	0	0
hsa-mir-4750	0	1	0	0	0	0	0	0
hsa-mir-4751	0	0	0	0	0	0	0	0
hsa-mir-4752	0	0	0	0	0	0	0	0
hsa-mir-4753	0	0	0	1	0	0	0	0
hsa-mir-4754	1	2	5	0	0	0	1	0
hsa-mir-4755	0	0	0	1	0	0	1	0
hsa-mir-4756	1	0	0	0	0	0	0	0
hsa-mir-4757	2	0	1	0	0	0	1	0
hsa-mir-4758	1	0	0	1	0	0	0	0
hsa-mir-4759	0	0	0	0	0	0	0	0
hsa-mir-4760	0	0	0	0	0	0	0	0
hsa-mir-4761	0	0	0	0	0	0	0	0
hsa-mir-4762	0	0	0	0	0	0	2	0
hsa-mir-4763	0	0	1	2	0	0	0	0
hsa-mir-4764	0	0	0	0	0	0	0	0
hsa-mir-4765	0	0	0	0	0	0	0	0
hsa-mir-4766	0	0	0	0	0	2	2	0
hsa-mir-4767	0	0	0	0	0	0	0	0
hsa-mir-4768	0	0	0	0	0	0	0	0
hsa-mir-4769	0	0	0	0	0	0	0	0
hsa-mir-4770	0	0	0	1	2	2	0	0
hsa-mir-4771-1	0	0	0	0	0	0	0	0
hsa-mir-4771-2	0	0	0	0	0	0	0	0
hsa-mir-4772	4	7	14	6	5	14	7	3
hsa-mir-4773-1	0	0	0	0	0	0	0	0
hsa-mir-4773-2	0	0	1	0	0	0	0	0
hsa-mir-4774	0	0	0	0	0	0	0	0
hsa-mir-4775	0	0	0	0	0	0	0	0
hsa-mir-4776-1	0	0	0	0	0	0	0	0
hsa-mir-4776-2	0	0	0	0	0	0	0	0
hsa-mir-4777	0	0	0	0	0	0	1	0
hsa-mir-4778	0	0	0	0	0	0	0	0
hsa-mir-4779	0	0	0	0	0	0	0	0
hsa-mir-4780	0	2	0	2	0	0	0	0
hsa-mir-4781	1	0	0	0	1	0	0	1
hsa-mir-4782	0	0	0	0	0	0	0	0
hsa-mir-4783	0	0	0	0	0	0	0	0
hsa-mir-4784	0	1	3	1	1	0	1	1
hsa-mir-4785	0	0	0	0	1	0	0	0
hsa-mir-4786	0	1	1	4	0	1	0	0
hsa-mir-4787	3	2	1	2	0	0	0	0
hsa-mir-4788	0	0	0	0	0	0	1	0
hsa-mir-4789	0	0	0	0	0	0	0	0
hsa-mir-4790	0	0	0	0	0	0	0	0
hsa-mir-4791	0	0	0	0	3	2	1	2
hsa-mir-4792	0	0	0	0	0	0	0	0
hsa-mir-4793	0	0	0	0	0	0	0	0
hsa-mir-4794	0	0	0	0	0	0	0	0
hsa-mir-4795	0	0	0	0	0	0	1	0
hsa-mir-4796	0	0	0	0	0	0	0	0
hsa-mir-4797	0	0	1	0	2	1	0	1
hsa-mir-4798	0	0	0	0	0	0	0	0
hsa-mir-4799	0	1	0	2	0	0	0	0
hsa-mir-4800	1	0	0	4	1	0	0	0
hsa-mir-4801	0	0	0	0	0	0	0	0
hsa-mir-4802	0	0	0	0	0	0	0	0
hsa-mir-4803	0	0	0	0	0	0	0	0
hsa-mir-4804	0	0	0	0	0	0	0	0
hsa-mir-483	17	8	9	44	1	4	2	1
hsa-mir-484	189	120	288	395	47	129	79	44
hsa-mir-485	30	9	15	41	4	5	5	0
hsa-mir-486-1	1866	2077	1225	2920	58	70	47	25
hsa-mir-486-2	1989	2123	1185	2981	57	71	42	14
hsa-mir-487a	6	2	5	8	1	2	0	0
hsa-mir-487b	1	2	8	5	9	17	7	3
hsa-mir-488	0	2	0	0	0	0	0	0
hsa-mir-489	0	0	0	0	1	1	0	0
hsa-mir-490	78	120	4	203	14	129	120	0
hsa-mir-491	1	4	2	13	6	1	6	1
hsa-mir-492	0	0	0	0	0	0	0	0
hsa-mir-493	1	5	5	10	25	24	22	5
hsa-mir-494	0	0	1	0	1	2	0	0
hsa-mir-495	1	1	0	1	13	4	9	7
hsa-mir-496	0	1	0	0	5	9	7	4
hsa-mir-497	11	19	19	34	30	65	23	8
hsa-mir-498	0	0	0	0	0	0	0	0
hsa-mir-4999	0	1	0	0	2	3	1	2
hsa-mir-499a	0	0	0	0	1	1	2	7
hsa-mir-499b	0	0	0	0	0	0	1	0
hsa-mir-5000	0	0	0	0	1	1	1	1
hsa-mir-5001	0	2	2	5	1	0	1	0
hsa-mir-5002	0	0	0	0	0	0	0	0
hsa-mir-5003	0	0	0	0	3	0	0	0
hsa-mir-5004	0	0	0	0	0	0	0	0
hsa-mir-5006	1	0	0	0	0	0	0	0
hsa-mir-5007	0	0	0	0	0	0	0	0
hsa-mir-5008	0	0	0	1	0	0	0	0
hsa-mir-5009	0	0	0	0	0	0	0	0
hsa-mir-500a	437	486	732	320	453	399	624	418
hsa-mir-500b	6	10	9	10	10	6	15	7
hsa-mir-501	157	194	213	81	65	72	118	44
hsa-mir-5010	4	7	0	3	1	0	1	0
hsa-mir-5011	0	0	0	0	0	0	0	0
hsa-mir-502	7	8	11	20	11	25	13	11
hsa-mir-503	3	3	10	2	26	29	21	5
hsa-mir-504	38	11	6	139	0	9	2	0
hsa-mir-5047	0	0	0	0	0	0	0	0
hsa-mir-505	94	57	200	253	54	88	115	43
hsa-mir-506	0	0	0	0	0	0	0	0
hsa-mir-507	0	0	0	0	0	0	0	0
hsa-mir-508	0	4	1	6	27	9	32	11
hsa-mir-5087	0	0	0	0	0	0	0	0
hsa-mir-5088	0	0	0	0	0	0	0	0
hsa-mir-5089	0	0	0	0	0	0	0	0
hsa-mir-509-1	2	0	1	1	8	3	7	5
hsa-mir-509-2	0	1	2	1	4	3	5	1
hsa-mir-509-3	1	3	2	1	7	5	5	5
hsa-mir-5090	4	1	0	1	0	0	1	0
hsa-mir-5091	0	1	1	17	1	0	0	0
hsa-mir-5092	0	0	0	0	0	0	2	0
hsa-mir-5093	0	0	0	0	0	0	0	1
hsa-mir-5094	0	0	0	0	0	1	0	0
hsa-mir-5095	0	0	0	0	0	0	0	0
hsa-mir-5096	0	0	0	0	0	0	0	0
hsa-mir-510	0	0	0	0	0	0	0	0
hsa-mir-5100	0	0	0	0	0	0	0	0
hsa-mir-511	3	2	11	1	13	17	26	5
hsa-mir-512-1	0	0	0	0	0	0	0	0
hsa-mir-512-2	0	0	0	0	0	0	0	0
hsa-mir-513a-1	0	0	0	0	0	0	0	0
hsa-mir-513a-2	0	0	0	0	0	0	0	0
hsa-mir-513b	0	0	0	0	0	0	0	0
hsa-mir-513c	0	0	0	0	1	0	1	0
hsa-mir-514a-1	0	0	0	0	1	0	3	0
hsa-mir-514a-2	0	0	0	0	3	0	2	0
hsa-mir-514a-3	0	0	0	0	4	1	3	1
hsa-mir-514b	0	0	0	0	0	0	0	0
hsa-mir-515-1	0	0	0	0	0	0	0	0
hsa-mir-515-2	0	0	0	0	0	0	0	0
hsa-mir-516a-1	0	0	0	0	0	0	0	0
hsa-mir-516a-2	0	0	0	0	0	0	0	0
hsa-mir-516b-1	0	0	0	0	0	0	0	0
hsa-mir-516b-2	0	0	0	0	0	0	0	0
hsa-mir-517a	0	0	0	0	1	0	0	0
hsa-mir-517b	0	0	0	0	1	0	0	0
hsa-mir-517c	0	0	0	0	0	0	0	0
hsa-mir-5186	0	0	0	0	0	0	0	0
hsa-mir-5187	2	3	8	3	1	1	3	0
hsa-mir-5188	0	0	0	0	0	0	0	1
hsa-mir-5189	0	0	0	0	0	0	0	0
hsa-mir-518a-1	0	0	0	0	0	0	0	0
hsa-mir-518a-2	0	0	0	0	0	0	0	0
hsa-mir-518b	0	0	0	0	0	0	0	0
hsa-mir-518c	0	0	0	0	0	1	1	0
hsa-mir-518d	0	0	0	0	0	0	0	0
hsa-mir-518e	0	0	0	0	0	0	0	0
hsa-mir-518f	0	0	0	0	0	0	0	0
hsa-mir-5190	0	0	0	0	0	0	0	0
hsa-mir-5191	0	0	0	0	0	0	0	0
hsa-mir-5192	0	0	0	0	0	0	0	0
hsa-mir-5193	2	0	0	2	0	0	0	0
hsa-mir-5194	0	0	0	0	0	0	0	0
hsa-mir-5195	0	0	0	0	0	0	0	0
hsa-mir-5196	0	0	0	0	0	0	0	0
hsa-mir-5197	0	0	0	0	0	0	0	0
hsa-mir-519a-1	0	0	0	0	1	0	0	0
hsa-mir-519a-2	0	0	0	0	0	0	0	0
hsa-mir-519b	0	0	0	0	0	0	0	0
hsa-mir-519c	0	0	0	0	0	0	0	0
hsa-mir-519d	0	0	0	0	0	0	0	0
hsa-mir-519e	0	0	0	0	0	0	0	0
hsa-mir-520a	0	0	0	0	1	0	0	0
hsa-mir-520b	0	0	0	0	0	0	0	0
hsa-mir-520c	0	0	0	0	0	0	0	0
hsa-mir-520d	0	0	0	0	0	0	0	0
hsa-mir-520e	0	0	0	0	0	0	0	0
hsa-mir-520f	0	0	0	0	0	1	0	0
hsa-mir-520g	0	0	0	0	0	0	0	0
hsa-mir-520h	0	0	0	0	0	0	0	0
hsa-mir-521-1	0	0	0	0	0	0	0	0
hsa-mir-521-2	0	0	0	0	0	0	0	0
hsa-mir-522	0	0	0	0	0	0	0	0
hsa-mir-523	0	0	0	0	0	0	0	0
hsa-mir-524	0	0	0	0	0	0	0	0
hsa-mir-525	0	0	0	0	0	0	0	0
hsa-mir-526a-1	0	0	0	0	0	0	0	0
hsa-mir-526a-2	0	0	0	0	0	0	0	0
hsa-mir-526b	0	0	0	0	1	0	0	0
hsa-mir-527	0	0	0	0	0	0	0	0
hsa-mir-532	926	1254	1854	1133	2260	2351	2979	2285
hsa-mir-539	8	10	12	6	36	41	35	17
hsa-mir-541	0	0	0	0	1	2	1	0
hsa-mir-542	2	2	2	5	305	333	350	150
hsa-mir-543	1	3	2	0	3	1	2	1
hsa-mir-544a	0	0	0	0	0	0	1	0
hsa-mir-544b	0	0	0	0	0	0	0	0
hsa-mir-545	0	0	0	0	0	0	5	1
hsa-mir-548a-1	0	0	0	0	0	0	0	0
hsa-mir-548a-2	0	0	0	0	0	0	0	0
hsa-mir-548a-3	0	0	0	0	0	0	1	0
hsa-mir-548aa-1	0	0	0	0	0	0	0	0
hsa-mir-548aa-2	0	0	0	0	0	0	0	0
hsa-mir-548ab	0	0	0	0	0	0	0	0
hsa-mir-548ac	0	0	0	0	0	0	0	0
hsa-mir-548ad	0	0	0	0	0	0	0	0
hsa-mir-548ae-1	0	0	0	0	0	0	0	0
hsa-mir-548ae-2	0	0	0	0	0	0	0	0
hsa-mir-548ag-1	0	0	0	0	0	0	0	0
hsa-mir-548ag-2	0	0	0	0	0	0	1	0
hsa-mir-548ah	0	0	0	0	0	0	0	0
hsa-mir-548ai	0	0	0	0	0	0	0	0
hsa-mir-548aj-1	0	0	0	0	0	0	0	0
hsa-mir-548aj-2	0	0	0	0	0	0	0	0
hsa-mir-548ak	0	0	0	0	0	0	0	0
hsa-mir-548al	0	0	0	0	0	0	0	1
hsa-mir-548am	0	0	0	0	0	0	0	0
hsa-mir-548an	0	0	0	0	0	0	0	0
hsa-mir-548ao	0	0	0	0	0	0	0	0
hsa-mir-548ap	0	0	0	0	0	0	0	0
hsa-mir-548aq	0	0	0	0	0	0	0	0
hsa-mir-548ar	0	0	0	0	1	0	0	0
hsa-mir-548as	0	0	0	0	0	0	0	0
hsa-mir-548at	0	0	0	0	0	0	0	0
hsa-mir-548au	0	0	0	0	0	0	0	0
hsa-mir-548av	0	0	0	0	0	0	0	0
hsa-mir-548aw	0	0	0	0	0	1	2	1
hsa-mir-548ax	0	0	0	0	0	0	0	0
hsa-mir-548ay	0	0	0	0	0	0	0	0
hsa-mir-548az	0	0	0	0	0	0	0	0
hsa-mir-548b	0	1	0	0	0	1	1	0
hsa-mir-548ba	0	0	0	0	0	1	4	0
hsa-mir-548bb	0	0	0	0	0	0	0	0
hsa-mir-548c	0	0	0	0	0	0	0	0
hsa-mir-548d-1	0	0	0	0	0	0	0	0
hsa-mir-548d-2	0	0	0	0	0	1	0	0
hsa-mir-548e	0	0	0	1	1	1	3	0
hsa-mir-548f-1	0	0	0	0	3	1	0	4
hsa-mir-548f-2	0	0	0	0	0	0	0	0
hsa-mir-548f-3	0	0	0	0	0	0	0	0
hsa-mir-548f-4	0	0	0	0	0	0	0	0
hsa-mir-548f-5	0	0	0	0	0	0	0	0
hsa-mir-548g	0	0	0	0	0	0	0	0
hsa-mir-548h-1	0	0	0	0	0	0	0	0
hsa-mir-548h-2	0	0	0	0	0	0	0	0
hsa-mir-548h-3	0	0	0	0	0	0	0	0
hsa-mir-548h-4	0	0	0	0	0	0	0	0
hsa-mir-548h-5	0	0	0	0	0	0	0	0
hsa-mir-548i-1	0	0	0	0	0	0	0	0
hsa-mir-548i-2	0	0	0	0	0	0	0	0
hsa-mir-548i-3	0	0	0	0	0	0	0	0
hsa-mir-548i-4	0	0	0	0	0	0	0	0
hsa-mir-548j	0	0	0	0	1	0	0	1
hsa-mir-548k	0	0	0	0	1	0	2	1
hsa-mir-548l	0	0	0	0	0	0	0	0
hsa-mir-548m	0	0	0	0	0	0	0	0
hsa-mir-548n	0	0	0	0	0	0	0	0
hsa-mir-548o	0	0	0	0	1	0	1	1
hsa-mir-548o-2	0	0	1	0	0	0	0	1
hsa-mir-548p	0	0	0	0	0	0	0	0
hsa-mir-548q	0	0	1	0	0	0	0	0
hsa-mir-548s	0	0	0	0	0	0	2	0
hsa-mir-548t	0	0	0	0	0	0	0	0
hsa-mir-548u	0	0	0	0	0	0	0	0
hsa-mir-548v	1	0	1	0	1	2	4	5
hsa-mir-548w	0	0	0	0	0	0	0	0
hsa-mir-548x	0	0	0	0	0	0	0	0
hsa-mir-548x-2	0	0	0	0	0	0	0	0
hsa-mir-548y	0	0	0	0	0	0	0	0
hsa-mir-548z	0	0	0	0	0	0	0	0
hsa-mir-549a	0	0	0	0	3	4	5	3
hsa-mir-550a-1	1	2	7	9	3	5	3	0
hsa-mir-550a-2	1	4	6	11	1	4	3	3
hsa-mir-550a-3	2	0	3	5	2	3	3	1
hsa-mir-550b-1	0	0	0	1	0	0	0	0
hsa-mir-550b-2	0	0	0	2	0	0	0	0
hsa-mir-551a	0	0	2	3	0	1	0	0
hsa-mir-551b	0	0	1	2	6	3	3	3
hsa-mir-552	1	5	11	10	97	185	325	183
hsa-mir-553	0	0	0	0	0	0	0	0
hsa-mir-554	0	0	0	0	0	0	0	0
hsa-mir-555	0	0	0	0	0	0	0	0
hsa-mir-556	0	0	0	0	1	1	0	1
hsa-mir-557	0	0	0	0	0	0	0	0
hsa-mir-5571	0	0	1	0	0	0	0	0
hsa-mir-5572	0	0	0	0	0	0	0	0
hsa-mir-5579	0	0	0	0	0	0	2	0
hsa-mir-558	0	0	0	0	0	0	0	0
hsa-mir-5580	0	0	0	4	0	2	3	1
hsa-mir-5581	1	0	0	0	1	0	0	0
hsa-mir-5582	0	0	0	0	1	0	1	0
hsa-mir-5583-1	0	0	0	0	0	0	0	0
hsa-mir-5583-2	0	0	0	0	0	0	0	0
hsa-mir-5584	0	0	0	0	0	0	0	0
hsa-mir-5585	0	0	0	0	0	0	0	0
hsa-mir-5586	0	0	0	0	3	4	5	1
hsa-mir-5587	0	0	0	0	0	0	0	0
hsa-mir-5588	0	0	0	0	0	1	0	0
hsa-mir-5589	0	0	0	0	0	0	0	0
hsa-mir-559	0	0	0	0	3	0	3	0
hsa-mir-5590	0	0	0	0	0	0	0	0
hsa-mir-5591	0	0	0	0	0	0	0	0
hsa-mir-561	0	0	0	0	0	1	0	0
hsa-mir-562	0	0	0	0	0	0	0	0
hsa-mir-563	0	0	0	0	0	0	0	0
hsa-mir-564	0	0	0	0	1	0	0	0
hsa-mir-566	0	0	0	0	0	0	0	0
hsa-mir-567	0	0	0	0	0	0	0	0
hsa-mir-568	0	0	0	0	0	0	0	0
hsa-mir-5680	0	0	0	0	0	0	0	0
hsa-mir-5681a	0	0	0	0	0	0	0	0
hsa-mir-5681b	0	0	0	0	0	0	0	0
hsa-mir-5682	0	0	0	0	0	0	0	0
hsa-mir-5683	0	0	0	0	63	23	14	0
hsa-mir-5684	0	0	0	0	0	1	0	0
hsa-mir-5685	0	0	0	0	0	0	0	0
hsa-mir-5687	0	0	0	0	0	1	0	1
hsa-mir-5688	0	0	0	0	0	0	0	0
hsa-mir-5689	0	0	0	0	0	0	0	0
hsa-mir-569	0	0	0	0	0	0	0	0
hsa-mir-5690	1	0	0	0	0	0	0	0
hsa-mir-5691	0	0	0	0	0	0	0	0
hsa-mir-5692a-1	0	0	0	0	0	0	0	0
hsa-mir-5692a-2	0	0	0	0	0	0	0	0
hsa-mir-5692b	0	0	0	0	0	0	0	0
hsa-mir-5692c-1	0	0	0	0	0	0	0	0
hsa-mir-5692c-2	0	0	0	0	0	0	0	0
hsa-mir-5693	0	0	0	0	0	0	0	0
hsa-mir-5694	0	0	0	0	1	0	1	0
hsa-mir-5695	0	0	0	0	0	0	0	0
hsa-mir-5696	0	0	0	0	1	2	0	0
hsa-mir-5697	0	0	0	0	0	0	0	0
hsa-mir-5698	0	3	3	1	0	0	0	0
hsa-mir-5699	0	0	0	0	1	0	3	0
hsa-mir-570	0	0	0	0	0	0	0	3
hsa-mir-5700	0	0	0	0	0	0	0	0
hsa-mir-5701-1	0	0	0	0	0	0	0	0
hsa-mir-5701-2	0	0	0	0	0	0	0	0
hsa-mir-5701-3	0	0	0	0	0	0	0	0
hsa-mir-5702	0	0	0	0	0	0	0	0
hsa-mir-5703	0	0	1	0	0	0	1	0
hsa-mir-5704	0	0	0	0	0	0	0	0
hsa-mir-5705	0	0	0	0	0	0	0	0
hsa-mir-5706	0	0	0	0	0	0	0	1
hsa-mir-5707	0	0	0	0	0	0	0	0
hsa-mir-5708	0	0	0	0	0	0	0	0
hsa-mir-571	0	0	0	0	0	0	0	0
hsa-mir-572	0	2	1	0	0	0	0	1
hsa-mir-573	0	0	0	1	0	1	0	1
hsa-mir-5739	0	0	0	0	0	0	0	0
hsa-mir-574	532	364	623	846	47	119	69	20
hsa-mir-575	0	0	0	0	0	0	0	0
hsa-mir-576	3	3	5	1	8	19	18	9
hsa-mir-577	0	0	0	2	117	35	94	62
hsa-mir-578	0	0	0	0	0	0	0	0
hsa-mir-5787	0	0	0	0	0	0	0	0
hsa-mir-579	1	0	1	5	1	1	1	1
hsa-mir-580	0	0	0	0	0	0	2	1
hsa-mir-581	0	0	0	0	0	2	0	0
hsa-mir-582	10	7	9	11	374	1165	636	279
hsa-mir-583	0	0	0	0	0	0	0	0
hsa-mir-584	52	56	114	61	169	519	1588	285
hsa-mir-585	1	0	0	0	2	2	1	0
hsa-mir-586	0	0	0	0	0	0	0	0
hsa-mir-587	0	0	0	0	0	0	0	0
hsa-mir-588	0	0	0	0	0	0	0	0
hsa-mir-589	217	173	260	308	65	81	94	40
hsa-mir-590	0	0	1	0	39	44	49	21
hsa-mir-591	0	0	0	0	0	0	0	0
hsa-mir-592	0	0	0	0	15	24	89	67
hsa-mir-593	0	0	0	0	0	0	0	0
hsa-mir-595	0	0	0	0	0	0	0	0
hsa-mir-596	0	0	1	0	0	0	0	0
hsa-mir-597	0	0	0	0	0	0	0	1
hsa-mir-598	0	1	3	6	22	40	22	2
hsa-mir-599	0	0	0	0	0	0	0	0
hsa-mir-600	0	0	0	0	0	0	0	0
hsa-mir-601	0	0	0	0	0	0	0	0
hsa-mir-602	0	0	0	0	0	0	0	0
hsa-mir-603	0	0	0	0	0	0	0	0
hsa-mir-604	0	0	0	0	0	0	0	0
hsa-mir-605	5	3	8	3	0	0	0	0
hsa-mir-606	0	0	0	0	0	0	0	0
hsa-mir-6068	0	0	0	0	0	0	0	0
hsa-mir-6069	0	0	0	0	0	0	0	0
hsa-mir-607	0	0	0	0	0	0	1	0
hsa-mir-6070	0	0	0	0	0	0	0	0
hsa-mir-6071	0	0	0	0	0	0	0	0
hsa-mir-6072	0	0	0	0	0	0	0	0
hsa-mir-6073	0	0	0	0	0	0	0	0
hsa-mir-6074	0	0	0	0	0	0	0	0
hsa-mir-6075	0	0	0	0	0	0	0	0
hsa-mir-6076	0	0	0	0	0	0	0	0
hsa-mir-6077	0	0	0	0	0	0	0	0
hsa-mir-6078	0	0	0	0	0	0	0	0
hsa-mir-6079	0	0	0	0	0	0	0	0
hsa-mir-608	0	0	0	0	0	0	0	0
hsa-mir-6080	0	0	0	0	0	0	0	0
hsa-mir-6081	0	0	0	0	0	0	0	0
hsa-mir-6082	0	0	0	0	0	0	0	0
hsa-mir-6083	0	0	0	0	0	0	0	0
hsa-mir-6084	0	0	0	0	0	0	0	0
hsa-mir-6085	0	0	0	0	0	0	0	0
hsa-mir-6086	0	0	0	0	0	0	0	0
hsa-mir-6087	0	0	0	3	0	0	0	0
hsa-mir-6088	0	0	0	0	0	0	0	0
hsa-mir-6089-1	0	0	0	0	0	0	0	0
hsa-mir-6089-2	0	0	0	0	0	0	0	0
hsa-mir-609	0	0	0	0	0	0	0	0
hsa-mir-6090	0	0	0	0	0	0	0	0
hsa-mir-610	0	0	0	0	0	0	0	0
hsa-mir-611	0	0	0	1	0	0	0	0
hsa-mir-612	0	0	0	0	0	0	0	0
hsa-mir-6124	0	0	0	0	0	0	0	0
hsa-mir-6125	1	3	5	9	0	1	1	0
hsa-mir-6126	0	0	0	0	0	0	0	0
hsa-mir-6127	0	0	0	0	0	0	0	0
hsa-mir-6128	0	0	0	0	0	0	0	0
hsa-mir-6129	0	0	0	0	0	0	0	0
hsa-mir-613	0	0	0	0	0	0	0	0
hsa-mir-6130	0	0	0	0	0	0	0	0
hsa-mir-6131	0	0	0	0	0	0	0	0
hsa-mir-6132	0	0	0	2	0	0	0	0
hsa-mir-6133	0	0	0	0	0	0	0	0
hsa-mir-6134	0	0	0	0	0	0	0	0
hsa-mir-614	0	0	0	0	0	0	0	0
hsa-mir-615	0	0	15	129	0	0	3	0
hsa-mir-616	10	7	6	3	8	12	18	9
hsa-mir-6165	0	0	0	0	0	0	0	0
hsa-mir-617	0	0	0	0	0	0	0	0
hsa-mir-618	0	0	0	8	0	0	0	0
hsa-mir-619	0	0	0	0	0	0	0	0
hsa-mir-620	0	0	0	0	0	0	0	0
hsa-mir-621	0	0	0	0	0	0	0	0
hsa-mir-622	0	0	0	0	0	0	0	0
hsa-mir-623	0	0	0	0	0	0	0	0
hsa-mir-624	2	1	0	0	2	3	0	1
hsa-mir-625	479	601	805	862	126	507	430	311
hsa-mir-626	0	0	0	0	0	0	0	0
hsa-mir-627	0	0	2	1	4	1	1	2
hsa-mir-628	0	0	1	1	49	134	90	19
hsa-mir-629	90	114	164	120	102	244	278	120
hsa-mir-630	0	0	0	0	0	0	0	0
hsa-mir-631	0	0	0	0	0	0	0	0
hsa-mir-632	0	0	0	2	1	0	0	0
hsa-mir-633	0	0	0	0	0	0	0	0
hsa-mir-634	0	0	0	0	0	0	0	0
hsa-mir-635	0	0	0	0	0	0	0	0
hsa-mir-636	0	0	0	1	0	0	0	1
hsa-mir-637	0	0	0	0	0	0	0	0
hsa-mir-638	0	0	0	0	0	0	0	0
hsa-mir-639	1	0	2	2	0	0	1	2
hsa-mir-640	0	0	0	0	0	0	0	0
hsa-mir-641	0	0	0	0	0	0	0	0
hsa-mir-642a	71	37	174	52	1	10	10	7
hsa-mir-642b	0	1	0	0	0	0	0	0
hsa-mir-643	0	0	0	0	0	4	2	0
hsa-mir-644a	0	0	0	0	0	0	0	0
hsa-mir-645	0	0	0	0	0	0	0	0
hsa-mir-646	0	0	0	0	0	0	0	0
hsa-mir-647	0	0	0	0	0	0	0	0
hsa-mir-648	0	0	0	0	0	0	0	0
hsa-mir-649	0	0	0	0	0	0	0	0
hsa-mir-6499	0	0	0	0	0	0	0	0
hsa-mir-650	0	0	0	0	0	0	0	0
hsa-mir-6500	0	0	0	0	0	0	0	0
hsa-mir-6501	0	1	0	2	0	2	0	0
hsa-mir-6502	0	0	0	0	1	1	2	0
hsa-mir-6503	1	0	1	2	0	2	1	0
hsa-mir-6504	0	0	0	0	0	0	0	0
hsa-mir-6505	0	0	0	0	0	0	0	0
hsa-mir-6506	0	0	0	0	0	0	0	0
hsa-mir-6507	0	1	8	3	0	0	0	0
hsa-mir-6508	0	0	1	0	0	0	0	0
hsa-mir-6509	0	1	5	5	0	0	1	1
hsa-mir-651	0	0	0	0	8	3	9	1
hsa-mir-6510	0	0	0	5	0	0	0	1
hsa-mir-6511a-1	0	0	0	0	0	0	0	0
hsa-mir-6511a-2	0	0	0	0	0	0	0	0
hsa-mir-6511a-3	0	0	0	0	0	0	0	0
hsa-mir-6511a-4	0	0	0	0	0	0	0	0
hsa-mir-6511b-1	19	14	17	25	3	2	2	0
hsa-mir-6511b-2	28	9	9	35	1	2	1	3
hsa-mir-6512	0	0	0	0	0	0	0	0
hsa-mir-6513	0	0	2	0	0	0	0	0
hsa-mir-6514	0	1	0	2	0	0	0	0
hsa-mir-6515	1	0	0	0	0	0	1	0
hsa-mir-6516	0	0	0	0	3	4	0	0
hsa-mir-652	52	87	148	90	31	37	34	25
hsa-mir-653	0	0	0	0	13	19	19	16
hsa-mir-654	13	8	10	13	27	49	29	17
hsa-mir-655	0	0	1	0	1	5	5	0
hsa-mir-656	0	0	0	0	1	0	2	0
hsa-mir-657	0	0	1	0	0	0	0	0
hsa-mir-658	0	0	1	3	0	0	0	0
hsa-mir-659	0	5	2	0	2	6	3	1
hsa-mir-660	1	5	3	2	77	97	79	66
hsa-mir-661	0	0	0	0	0	0	0	0
hsa-mir-662	0	0	0	0	0	0	0	0
hsa-mir-663a	0	0	0	0	0	0	0	0
hsa-mir-663b	0	0	0	0	0	0	0	0
hsa-mir-664a	18	24	48	43	28	33	35	7
hsa-mir-664b	8	2	9	14	8	2	7	3
hsa-mir-665	0	0	0	0	2	1	2	1
hsa-mir-668	1	0	1	0	0	0	0	0
hsa-mir-670	0	0	0	0	0	0	0	0
hsa-mir-671	22	34	42	41	8	10	5	4
hsa-mir-6715a	0	0	0	0	0	0	0	0
hsa-mir-6715b	5	5	7	2	0	2	1	1
hsa-mir-6716	5	3	1	3	0	3	2	1
hsa-mir-6717	0	1	0	1	0	0	0	0
hsa-mir-6718	0	0	1	2	2	0	1	1
hsa-mir-6719	0	0	0	0	0	0	0	0
hsa-mir-6720	6	1	4	8	0	1	1	1
hsa-mir-6721	2	0	0	1	0	1	0	0
hsa-mir-6722	0	0	0	0	0	0	0	0
hsa-mir-6723	0	1	0	0	0	0	0	0
hsa-mir-6724-1	0	0	0	0	0	0	0	0
hsa-mir-6724-2	0	0	0	0	0	0	0	0
hsa-mir-6724-3	0	0	0	0	0	0	0	0
hsa-mir-6724-4	0	0	0	0	0	0	0	0
hsa-mir-6726	0	0	3	2	0	0	0	0
hsa-mir-6727	0	1	0	2	0	0	0	0
hsa-mir-6728	0	0	0	0	0	0	0	0
hsa-mir-6729	0	0	0	0	0	0	0	0
hsa-mir-6730	1	0	0	1	0	0	0	0
hsa-mir-6731	0	0	0	0	0	1	0	0
hsa-mir-6732	0	0	0	0	0	0	0	0
hsa-mir-6733	0	0	0	0	0	0	0	1
hsa-mir-6734	1	2	0	1	0	0	0	0
hsa-mir-6735	0	0	0	0	1	0	0	0
hsa-mir-6736	0	0	0	0	0	0	0	0
hsa-mir-6737	0	0	0	0	0	0	0	0
hsa-mir-6738	0	0	1	1	0	1	1	0
hsa-mir-6739	0	0	0	0	0	0	0	0
hsa-mir-6740	0	1	0	1	0	0	0	0
hsa-mir-6741	0	2	0	1	0	0	0	0
hsa-mir-6742	0	0	0	0	0	0	0	0
hsa-mir-6743	0	1	0	0	1	0	0	0
hsa-mir-6744	0	0	0	0	0	0	0	0
hsa-mir-6745	0	0	0	0	0	0	0	0
hsa-mir-6746	2	0	0	0	0	0	0	0
hsa-mir-6747	2	1	1	0	0	0	0	0
hsa-mir-6748	1	0	3	1	0	0	0	0
hsa-mir-6749	1	2	0	1	1	0	0	0
hsa-mir-675	21	20	15	79	63	82	54	28
hsa-mir-6750	1	0	0	1	0	1	0	0
hsa-mir-6751	1	0	0	1	0	0	0	1
hsa-mir-6752	0	0	0	0	0	0	0	0
hsa-mir-6753	1	0	0	0	0	0	0	0
hsa-mir-6754	1	0	0	0	0	0	0	0
hsa-mir-6755	1	0	1	0	0	1	0	1
hsa-mir-6756	1	0	0	2	0	0	0	0
hsa-mir-6757	0	0	0	0	0	0	0	0
hsa-mir-6758	0	0	0	0	0	0	0	0
hsa-mir-6759	0	0	0	0	0	0	1	0
hsa-mir-676	0	0	4	0	0	2	1	0
hsa-mir-6760	0	0	0	0	0	0	0	0
hsa-mir-6761	2	5	2	1	5	4	1	1
hsa-mir-6762	1	0	1	1	0	0	0	0
hsa-mir-6763	0	0	0	1	0	0	0	0
hsa-mir-6764	0	0	0	1	0	0	0	0
hsa-mir-6765	0	0	0	0	0	0	0	0
hsa-mir-6766	0	1	0	1	0	0	0	0
hsa-mir-6767	0	0	0	0	0	0	0	0
hsa-mir-6768	0	0	0	0	0	0	0	0
hsa-mir-6769a	0	0	0	6	0	0	0	0
hsa-mir-6769b	3	0	0	0	0	0	0	0
hsa-mir-6770-1	0	0	0	0	0	0	0	0
hsa-mir-6770-2	0	0	0	0	0	0	0	0
hsa-mir-6770-3	0	0	0	0	0	0	0	0
hsa-mir-6771	0	0	0	1	0	0	0	0
hsa-mir-6772	0	0	0	0	0	0	0	0
hsa-mir-6773	0	0	0	0	0	0	0	0
hsa-mir-6774	0	0	0	0	0	0	0	0
hsa-mir-6775	0	0	0	0	0	0	0	0
hsa-mir-6776	0	1	0	2	0	0	0	0
hsa-mir-6777	1	1	0	2	0	0	0	0
hsa-mir-6778	0	0	0	0	0	0	0	0
hsa-mir-6779	1	1	0	1	0	0	0	0
hsa-mir-6780a	0	0	0	0	0	0	0	0
hsa-mir-6780b	0	0	0	0	0	0	0	0
hsa-mir-6781	1	0	0	0	0	0	0	0
hsa-mir-6782	1	0	0	0	0	0	0	0
hsa-mir-6783	0	2	1	0	2	0	0	0
hsa-mir-6784	0	1	2	0	0	0	0	0
hsa-mir-6785	0	1	0	0	0	0	0	0
hsa-mir-6786	0	1	0	1	0	0	0	0
hsa-mir-6787	0	0	0	0	0	0	0	0
hsa-mir-6788	0	2	0	3	0	0	0	0
hsa-mir-6789	0	0	0	1	0	0	0	0
hsa-mir-6790	0	0	0	1	0	0	0	0
hsa-mir-6791	1	0	0	0	0	0	0	0
hsa-mir-6792	0	0	0	0	0	0	0	0
hsa-mir-6793	6	1	3	5	0	0	0	2
hsa-mir-6794	0	0	0	0	0	0	0	0
hsa-mir-6795	1	0	0	0	0	0	0	0
hsa-mir-6796	4	1	0	0	0	0	0	0
hsa-mir-6797	0	0	0	0	0	0	0	0
hsa-mir-6798	1	0	2	1	0	0	0	0
hsa-mir-6799	0	0	0	0	0	0	0	0
hsa-mir-6800	1	0	0	0	0	0	1	0
hsa-mir-6801	0	0	0	0	0	0	0	1
hsa-mir-6802	0	0	7	5	0	1	1	0
hsa-mir-6803	5	4	2	8	0	0	0	0
hsa-mir-6804	0	0	0	0	0	0	0	0
hsa-mir-6805	0	1	0	0	0	0	0	0
hsa-mir-6806	1	0	0	2	0	0	1	1
hsa-mir-6807	1	0	0	1	0	1	1	0
hsa-mir-6808	5	4	2	2	0	0	0	0
hsa-mir-6809	0	0	0	0	0	0	0	0
hsa-mir-6810	2	2	1	3	2	0	0	0
hsa-mir-6811	0	0	0	0	0	0	0	0
hsa-mir-6812	1	3	0	3	0	0	0	0
hsa-mir-6813	0	0	0	0	0	0	0	0
hsa-mir-6814	0	1	1	0	0	0	0	0
hsa-mir-6815	0	0	0	0	1	1	0	0
hsa-mir-6816	0	0	0	0	0	0	0	0
hsa-mir-6817	0	0	0	1	0	0	0	0
hsa-mir-6818	0	0	0	0	0	1	0	0
hsa-mir-6819	0	0	0	0	0	0	0	0
hsa-mir-6820	0	0	0	5	0	0	3	0
hsa-mir-6821	0	0	0	0	0	0	0	0
hsa-mir-6822	0	0	0	0	0	0	1	0
hsa-mir-6823	0	0	0	0	0	0	0	0
hsa-mir-6824	0	2	2	0	0	0	0	0
hsa-mir-6825	1	0	0	2	0	0	0	0
hsa-mir-6826	0	0	0	2	0	0	0	1
hsa-mir-6827	0	0	0	0	0	0	0	0
hsa-mir-6828	0	0	0	0	0	0	0	0
hsa-mir-6829	0	0	0	0	0	0	0	0
hsa-mir-6830	0	0	0	0	0	0	0	0
hsa-mir-6831	0	0	0	0	0	0	0	0
hsa-mir-6832	2	0	0	0	0	1	1	0
hsa-mir-6833	1	1	0	4	0	0	0	0
hsa-mir-6834	0	0	0	0	0	0	0	0
hsa-mir-6835	0	0	0	0	0	0	0	0
hsa-mir-6836	0	0	0	0	0	0	0	0
hsa-mir-6837	1	1	6	0	0	1	2	0
hsa-mir-6838	0	0	0	0	0	0	0	0
hsa-mir-6839	0	0	0	0	0	0	0	0
hsa-mir-6840	0	0	0	0	0	0	0	0
hsa-mir-6841	0	0	0	0	0	0	0	0
hsa-mir-6842	5	7	12	18	1	6	2	0
hsa-mir-6843	0	0	0	0	0	2	0	0
hsa-mir-6844	0	0	0	0	0	1	0	0
hsa-mir-6845	0	0	2	0	0	0	0	0
hsa-mir-6846	0	0	0	0	0	0	0	0
hsa-mir-6847	0	0	0	0	0	0	0	0
hsa-mir-6848	0	0	0	0	0	0	0	0
hsa-mir-6849	0	0	0	0	0	0	0	0
hsa-mir-6850	0	0	0	0	0	0	1	0
hsa-mir-6851	4	0	0	0	0	0	0	0
hsa-mir-6852	2	0	1	0	0	0	1	0
hsa-mir-6853	1	0	2	3	0	1	0	0
hsa-mir-6854	0	0	0	0	2	2	0	0
hsa-mir-6855	0	1	0	0	0	0	0	0
hsa-mir-6856	0	0	0	0	2	0	0	0
hsa-mir-6857	0	0	0	0	0	0	0	0
hsa-mir-6858	0	0	0	0	0	0	0	0
hsa-mir-6859-1	0	0	0	0	0	0	0	0
hsa-mir-6859-2	0	0	0	0	0	0	0	0
hsa-mir-6859-3	0	0	0	0	0	0	0	0
hsa-mir-6859-4	0	0	0	0	0	0	0	0
hsa-mir-6860	0	0	0	0	0	0	0	0
hsa-mir-6861	0	0	0	0	0	0	0	0
hsa-mir-6862-1	0	0	0	1	0	0	0	0
hsa-mir-6862-2	0	0	0	1	0	0	0	0
hsa-mir-6863	0	0	0	0	0	0	0	0
hsa-mir-6864	0	0	0	0	0	0	0	0
hsa-mir-6865	0	0	0	0	0	0	0	0
hsa-mir-6866	0	0	0	0	1	0	0	0
hsa-mir-6867	0	0	0	0	0	0	0	0
hsa-mir-6868	0	0	0	0	0	0	0	0
hsa-mir-6869	0	0	0	0	0	0	0	0
hsa-mir-6870	1	0	0	1	0	1	0	0
hsa-mir-6871	2	1	1	0	0	0	0	0
hsa-mir-6872	0	0	0	0	0	0	0	0
hsa-mir-6873	0	0	0	0	0	0	0	0
hsa-mir-6874	0	0	0	0	1	1	0	0
hsa-mir-6875	0	2	0	0	2	1	0	0
hsa-mir-6876	0	0	0	0	0	0	0	0
hsa-mir-6877	3	0	1	4	1	0	0	0
hsa-mir-6878	0	0	0	0	0	0	0	0
hsa-mir-6879	2	1	0	2	0	1	0	0
hsa-mir-6880	0	0	0	2	0	0	0	0
hsa-mir-6881	0	0	0	0	0	0	0	0
hsa-mir-6882	0	0	0	0	0	0	0	0
hsa-mir-6883	0	0	0	0	0	0	0	0
hsa-mir-6884	0	0	0	0	1	0	0	0
hsa-mir-6885	0	1	2	0	0	0	1	1
hsa-mir-6886	0	0	0	0	0	0	0	0
hsa-mir-6887	1	3	5	0	0	0	0	0
hsa-mir-6888	0	0	0	0	0	0	0	0
hsa-mir-6889	0	0	0	0	0	0	0	0
hsa-mir-6890	0	0	0	0	0	0	0	0
hsa-mir-6891	0	0	1	1	0	0	0	0
hsa-mir-6892	10	9	6	17	2	8	7	1
hsa-mir-6893	0	0	0	0	0	0	0	0
hsa-mir-6894	2	0	0	1	0	0	0	0
hsa-mir-6895	1	2	1	0	0	0	0	0
hsa-mir-7-1	5	6	11	9	104	32	58	41
hsa-mir-7-2	0	0	0	0	11	1	6	6
hsa-mir-7-3	0	1	0	0	11	3	2	7
hsa-mir-708	3	1	1	1	103	163	260	50
hsa-mir-7106	0	0	0	0	0	0	0	0
hsa-mir-7107	0	0	0	0	0	0	0	0
hsa-mir-7108	0	0	0	0	0	0	0	0
hsa-mir-7109	0	1	0	0	0	0	0	0
hsa-mir-711	0	0	0	0	0	0	0	1
hsa-mir-7110	1	1	1	0	0	0	0	0
hsa-mir-7111	0	0	0	0	0	0	0	0
hsa-mir-7112	0	0	0	0	1	1	0	0
hsa-mir-7113	2	0	0	1	0	0	0	0
hsa-mir-7114	0	0	0	1	0	0	0	0
hsa-mir-7150	0	0	0	0	0	0	0	0
hsa-mir-7151	1	0	2	2	0	0	0	0
hsa-mir-7152	0	0	0	0	0	0	0	0
hsa-mir-7153	0	0	0	0	0	0	0	0
hsa-mir-7154	0	0	0	0	0	0	0	0
hsa-mir-7155	1	2	6	1	0	0	1	1
hsa-mir-7156	0	0	0	0	0	0	5	0
hsa-mir-7157	0	0	0	0	0	0	0	0
hsa-mir-7158	0	0	0	0	0	0	0	0
hsa-mir-7159	0	0	0	0	0	0	0	0
hsa-mir-7160	0	0	0	0	0	0	0	0
hsa-mir-7161	0	0	0	0	0	0	0	0
hsa-mir-7162	0	0	0	0	0	0	0	0
hsa-mir-718	0	0	0	0	0	0	0	0
hsa-mir-744	136	126	129	272	40	48	47	27
hsa-mir-7515	0	0	0	0	0	0	0	0
hsa-mir-758	8	2	7	9	17	49	34	8
hsa-mir-759	0	0	0	0	0	0	0	0
hsa-mir-760	13	5	5	9	2	0	1	1
hsa-mir-761	0	0	0	0	0	0	0	0
hsa-mir-762	0	0	0	0	0	0	0	0
hsa-mir-764	0	0	0	0	0	0	0	0
hsa-mir-7641-1	4	1	9	22	0	1	0	0
hsa-mir-7641-2	1	1	4	12	0	0	0	0
hsa-mir-765	0	0	0	0	0	0	0	0
hsa-mir-766	162	74	51	167	9	20	9	4
hsa-mir-767	5	7	4	18	0	5	0	1
hsa-mir-769	12	11	25	21	59	49	57	22
hsa-mir-770	0	0	0	2	0	0	0	0
hsa-mir-7702	16	4	14	0	1	0	1	0
hsa-mir-7703	0	0	0	0	0	0	1	0
hsa-mir-7704	0	0	0	0	0	0	0	0
hsa-mir-7705	0	0	0	0	3	0	0	1
hsa-mir-7706	8	14	15	10	2	3	4	0
hsa-mir-7843	0	0	0	0	0	0	0	0
hsa-mir-7844	0	2	1	0	0	1	0	0
hsa-mir-7845	0	0	1	3	0	0	0	1
hsa-mir-7846	0	1	0	2	0	1	0	1
hsa-mir-7847	0	0	0	0	0	0	0	0
hsa-mir-7848	0	0	0	0	0	0	0	0
hsa-mir-7849	0	0	0	0	0	0	0	0
hsa-mir-7850	0	2	0	0	0	0	0	0
hsa-mir-7851	0	0	0	0	0	0	0	0
hsa-mir-7852	0	0	0	0	0	0	0	0
hsa-mir-7853	0	0	0	0	0	0	0	0
hsa-mir-7854	2	1	6	3	0	0	1	1
hsa-mir-7855	0	0	0	0	0	0	0	0
hsa-mir-7856	0	0	0	0	0	0	0	0
hsa-mir-7973-1	0	0	0	0	0	0	0	0
hsa-mir-7973-2	0	0	0	0	0	0	0	0
hsa-mir-7974	0	0	0	0	5	0	1	1
hsa-mir-7975	0	0	0	0	0	0	0	0
hsa-mir-7976	0	0	1	0	0	0	0	0
hsa-mir-7977	0	0	0	0	0	0	0	0
hsa-mir-7978	0	0	0	0	0	0	0	0
hsa-mir-802	0	0	0	0	0	0	0	0
hsa-mir-8052	0	0	0	0	0	0	0	0
hsa-mir-8053	0	0	0	0	0	0	0	0
hsa-mir-8054	0	0	0	0	0	0	0	0
hsa-mir-8055	0	0	0	0	0	0	0	0
hsa-mir-8056	0	0	0	0	0	0	0	0
hsa-mir-8057	0	0	0	0	0	0	0	0
hsa-mir-8058	0	0	0	0	0	0	0	0
hsa-mir-8059	0	0	0	1	0	0	0	0
hsa-mir-8060	0	0	0	0	0	0	0	0
hsa-mir-8061	0	0	0	0	0	0	0	0
hsa-mir-8062	0	0	0	0	0	0	0	0
hsa-mir-8063	0	0	0	0	0	0	0	0
hsa-mir-8064	0	0	0	0	0	0	0	0
hsa-mir-8065	0	0	0	0	0	0	0	0
hsa-mir-8066	0	0	0	0	0	0	0	0
hsa-mir-8067	0	0	0	0	0	0	0	0
hsa-mir-8068	0	0	0	0	0	0	0	0
hsa-mir-8069-1	0	0	0	0	0	0	0	0
hsa-mir-8069-2	0	0	0	0	0	0	0	0
hsa-mir-8070	0	0	0	0	0	0	0	0
hsa-mir-8071-1	0	0	0	0	0	0	0	0
hsa-mir-8071-2	0	0	0	0	0	0	0	0
hsa-mir-8072	1	0	0	1	0	1	0	0
hsa-mir-8073	0	0	0	0	0	0	0	0
hsa-mir-8074	0	0	0	0	0	0	0	0
hsa-mir-8075	0	0	0	0	0	0	0	0
hsa-mir-8076	0	0	0	0	0	0	0	0
hsa-mir-8077	0	0	0	0	0	0	0	0
hsa-mir-8078	0	0	0	0	0	0	0	0
hsa-mir-8079	0	0	0	0	0	0	0	0
hsa-mir-8080	0	0	0	0	0	0	0	0
hsa-mir-8081	0	0	0	0	0	0	0	0
hsa-mir-8082	0	0	0	0	0	0	0	0
hsa-mir-8083	0	0	0	0	0	0	0	0
hsa-mir-8084	0	0	0	0	0	0	0	0
hsa-mir-8085	0	0	0	0	0	0	0	0
hsa-mir-8086	0	0	0	0	0	0	0	0
hsa-mir-8087	0	0	0	0	0	0	0	0
hsa-mir-8088	0	0	0	0	0	0	0	0
hsa-mir-8089	0	0	0	0	0	0	0	0
hsa-mir-8485	0	0	0	0	0	0	0	0
hsa-mir-873	0	0	0	0	0	0	0	0
hsa-mir-874	69	102	108	123	14	74	47	11
hsa-mir-875	0	0	0	0	0	0	0	0
hsa-mir-876	0	0	0	0	0	0	0	0
hsa-mir-877	13	4	1	11	3	0	0	0
hsa-mir-885	1	3	7	9	0	2	0	0
hsa-mir-887	6	6	7	11	6	12	2	3
hsa-mir-888	0	0	0	0	0	0	0	0
hsa-mir-889	2	0	0	0	20	47	32	23
hsa-mir-890	0	0	0	0	0	0	0	0
hsa-mir-891a	7	1	1	9	6	15	5	1
hsa-mir-891b	0	0	0	0	0	0	0	0
hsa-mir-892a	0	0	0	0	0	0	0	0
hsa-mir-892b	0	0	0	0	0	0	0	0
hsa-mir-892c	0	0	0	0	0	0	0	0
hsa-mir-9-1	33	39	40	26	143	612	399	66
hsa-mir-9-2	26	33	48	44	141	590	430	68
hsa-mir-9-3	25	33	48	36	115	598	445	80
hsa-mir-920	0	0	0	0	0	0	0	0
hsa-mir-921	0	0	0	0	0	0	0	0
hsa-mir-922	0	0	0	0	0	0	0	0
hsa-mir-924	0	0	0	0	0	0	0	0
hsa-mir-92a-1	36675	35472	41037	24976	19873	6686	8810	13889
hsa-mir-92a-2	33015	31195	37517	22588	17819	6327	8152	12799
hsa-mir-92b	522	447	287	408	29	76	67	47
hsa-mir-93	3482	4825	4414	1968	13252	5401	9190	6459
hsa-mir-933	0	0	0	0	0	1	0	0
hsa-mir-934	0	0	0	0	0	0	0	0
hsa-mir-935	7	8	12	28	14	1	4	27
hsa-mir-936	0	1	0	0	0	0	0	0
hsa-mir-937	16	11	4	9	8	4	3	2
hsa-mir-938	0	0	0	0	0	0	0	0
hsa-mir-939	2	5	5	2	1	2	1	1
hsa-mir-940	2	6	1	17	3	1	3	0
hsa-mir-941-1	0	0	0	0	0	0	0	0
hsa-mir-941-2	0	0	0	0	0	0	0	0
hsa-mir-941-3	0	0	0	0	0	0	0	0
hsa-mir-941-4	0	0	0	0	0	0	0	0
hsa-mir-941-5	0	0	0	0	0	0	0	0
hsa-mir-942	6	12	33	13	8	4	25	5
hsa-mir-943	0	0	0	0	0	0	0	0
hsa-mir-944	0	1	0	1	1	0	1	0
hsa-mir-95	3	1	6	1	7	17	33	15
hsa-mir-9500	0	0	0	0	0	0	0	0
hsa-mir-96	1	0	0	0	24	29	18	22
hsa-mir-98	1	3	5	5	67	102	129	61
hsa-mir-99a	80	108	88	122	460	894	992	39
hsa-mir-99b	116897	71352	103634	119314	24165	51072	45441	9586
